48   
24   

1    
  0.0100000000000000   0.0000000000000000   0.0000000000000000
  -0.2798539900    0.0057641400   -0.0035066700
  -0.0002957400    0.0002815200    0.0000608500
  -0.0003457100   -0.0010554200   -0.0012881200
  -0.0164827400   -0.0064467200    0.0097342400
   0.0064270000   -0.0069428700   -0.0134780600
   0.0021329900   -0.0003705800    0.0014974700
  -0.0009439900    0.0008895600   -0.0011116200
  -0.0108269600    0.0004317000    0.0091605800
  -0.0068457400   -0.0002998100   -0.0014766100
   0.0001478000   -0.0001047400   -0.0001095000
  -0.0000888300    0.0036329600   -0.0040166300
  -0.0003506900    0.0005873300   -0.0001446400
   0.0709616300   -0.0164645800    0.0365558100
   0.0022963500    0.0001928200    0.0004326400
   0.0448930700   -0.0016478400   -0.0111728400
  -0.0010412800   -0.0018237200   -0.0009957200
  -0.0006013300    0.0009332200    0.0043558600
  -0.0001289800    0.0014084800   -0.0078576800
   0.0425532700    0.0100063300   -0.0042731700
  -0.0000641900   -0.0002877800   -0.0000121100
   0.0001256400    0.0010792800   -0.0017110900
  -0.0011286400    0.0003576700   -0.0001190300
   0.0087226900   -0.0068730300    0.0073415100
   0.0008413800   -0.0002088100   -0.0003613200
  -0.0006647200    0.0010767600   -0.0001533000
  -0.0007441000    0.0061395500   -0.0034553800
  -0.0049317700   -0.0000628400    0.0046604800
  -0.0009217100   -0.0001481700    0.0001422100
   0.0788814300   -0.0081172200   -0.0057702700
   0.0004410800   -0.0000212100    0.0002517800
  -0.0010496800   -0.0044082500    0.0031554000
   0.0000805900   -0.0006851400    0.0000950100
   0.0020966800    0.0011627300    0.0013616700
   0.0010489100    0.0001360200   -0.0002799400
  -0.0143834700   -0.0127919300   -0.0019660900
  -0.0001365800   -0.0004264100    0.0004091000
  -0.0002356700   -0.0023157000    0.0014899300
   0.0030366800   -0.0022251600   -0.0003790700
   0.0229022500    0.0185996500   -0.0113527300
   0.0001778200    0.0002962100   -0.0000719400
   0.0387712800    0.0308431800   -0.0303639900
  -0.0006462700    0.0001497900    0.0002285000
   0.0030999800   -0.0257603300    0.0003945800
  -0.0001411600    0.0004336000   -0.0000231000
  -0.0000281900   -0.0000861400   -0.0019031900
   0.0068195300    0.0068125400    0.0100667100
   0.0068057300    0.0079311600    0.0190858500
  -0.0003816500    0.0004282200   -0.0031263500

1    
 -0.0100000000000000   0.0000000000000000   0.0000000000000000
   0.2905736300   -0.0079917500    0.0001988100
   0.0003452000   -0.0003575500   -0.0000480900
   0.0003932500    0.0011371500    0.0013081700
   0.0167215200    0.0064597000   -0.0096640100
  -0.0067012900    0.0068931900    0.0133915200
  -0.0022011800    0.0003631000   -0.0014834400
   0.0008460400   -0.0002856600    0.0005885400
   0.0107337400    0.0001565400   -0.0096570800
   0.0074585300    0.0000559900    0.0009702200
   0.0004252200   -0.0001084300   -0.0004315300
  -0.0003939300   -0.0040481300    0.0035216200
  -0.0001276000   -0.0009781400   -0.0003913300
  -0.0663000800    0.0157257300   -0.0351997300
   0.0023136700   -0.0001935200   -0.0004519400
  -0.0473468600   -0.0020533800    0.0117566200
  -0.0012541300   -0.0021623300    0.0009840500
  -0.0017036200    0.0030730600   -0.0044328500
  -0.0022162000    0.0025796000    0.0078594100
  -0.0425921700   -0.0097479100    0.0039927000
  -0.0001398900   -0.0001312300   -0.0002679100
  -0.0003214700   -0.0006964000    0.0014381500
   0.0008822300    0.0000337800   -0.0001563800
  -0.0082260500    0.0069893300   -0.0077181200
  -0.0003881300    0.0002325500    0.0000799500
   0.0004613600   -0.0006712900    0.0004232400
   0.0005066700   -0.0057608000    0.0037477600
   0.0047467800   -0.0003257600   -0.0043898400
   0.0006654600   -0.0002527700    0.0001255900
  -0.0886345800    0.0098106500    0.0076095500
   0.0000248200   -0.0000080500    0.0000180100
   0.0005926400    0.0048324800   -0.0026815600
  -0.0005532600    0.0010854700    0.0004214600
  -0.0015302900   -0.0009420700   -0.0008387200
  -0.0004780800    0.0000829600    0.0008029700
   0.0143342000    0.0122043200    0.0025044000
   0.0000369000   -0.0001784000    0.0001128700
   0.0005237900    0.0018371400   -0.0014886000
  -0.0027584000    0.0017360600    0.0003921000
  -0.0227137500   -0.0178725700    0.0112903900
   0.0001108200    0.0002004000    0.0000843400
  -0.0398806100   -0.0308287800    0.0305170500
   0.0000704500   -0.0001575100   -0.0002115700
  -0.0038035900    0.0269297400   -0.0004336100
  -0.0005289300    0.0007237700    0.0000381300
  -0.0006449500   -0.0010521900    0.0019323300
  -0.0075160600   -0.0079199700   -0.0100838500
  -0.0055118000   -0.0079894100   -0.0192368700
   0.0016999700   -0.0004287300    0.0031570700

1    
  0.0000000000000000   0.0000000000000000   0.0100000000000000
  -0.0047549000    0.0038670500   -0.3368979400
   0.0000758700   -0.0000010500    0.0062941400
   0.0013075100    0.0024952100    0.0086282900
  -0.0095808600   -0.0212491300    0.0376872700
  -0.0230617600    0.0019795600    0.0373112500
   0.0027634200   -0.0001179500    0.0086509300
   0.0006093400   -0.0000025700   -0.0046341500
  -0.0029479000   -0.0005984300    0.0019338200
   0.0053938100   -0.0011673500    0.0089871800
  -0.0000949700   -0.0001792600   -0.0050727100
  -0.0013910400    0.0007947300    0.0014067000
  -0.0005474500    0.0002421400   -0.0047029300
   0.0329189400   -0.0364108700    0.1062684800
   0.0023919900    0.0009299000   -0.0068161600
  -0.0158024400    0.0378205700    0.1002388600
  -0.0003053100   -0.0023953800   -0.0068292100
  -0.0023905500    0.0014143300   -0.0125666600
  -0.0023406600    0.0012677000   -0.0126238900
  -0.0040944400    0.0018388300    0.0463079200
   0.0005329400    0.0001975900   -0.0039874000
   0.0085678800   -0.0067489300   -0.0059570000
  -0.0012385800    0.0003830000   -0.0039272400
   0.0120804900    0.0039655100   -0.0021683200
  -0.0015309000    0.0000130800   -0.0037248900
  -0.0004515900   -0.0008791600   -0.0036217500
  -0.0017612800    0.0111457200   -0.0056269800
   0.0091839400    0.0081006900   -0.0018812700
  -0.0010108500   -0.0016641500   -0.0034137900
   0.0005065900   -0.0046217000    0.0467030200
   0.0008495200    0.0003093400   -0.0036778500
  -0.0024545300   -0.0018682300    0.0024201700
  -0.0001737400    0.0009025700   -0.0040726000
   0.0005732400   -0.0014001900    0.0019809000
   0.0004997500   -0.0003720100   -0.0041515100
   0.0015636600    0.0046208800    0.0095376000
  -0.0002903400   -0.0005970000   -0.0045132200
  -0.0001029000    0.0037945700    0.0067440000
   0.0035277000   -0.0025047300    0.0067385100
  -0.0098742600   -0.0125657700   -0.0060686500
   0.0003634000    0.0004344400    0.0078108800
  -0.0164889300   -0.0022144200   -0.0062439800
  -0.0000421600    0.0000942200    0.0078105300
  -0.0011003500    0.0000524600   -0.0271169600
  -0.0001076100    0.0007021500    0.0089986800
  -0.0011290800   -0.0019988800    0.0084098200
   0.0074364400    0.0115384900    0.0005057100
   0.0149120200    0.0006299600    0.0005141200
  -0.0009890600    0.0000224600    0.0084082600

7    
  0.0100000000000000   0.0000000000000000   0.0000000000000000
  -0.0008814700   -0.0002014900    0.0006474800
  -0.0107533500    0.0011076700   -0.0028739500
  -0.0143373200   -0.0039552800   -0.0016235800
  -0.0000720200    0.0000459800    0.0002428900
  -0.0032788700   -0.0018533800    0.0014290900
  -0.0004005900   -0.0006298300    0.0005276200
  -0.1560873900    0.1128318400    0.1020734100
  -0.0002174000    0.0005402500   -0.0004092700
  -0.0003913500   -0.0004107200   -0.0010820300
  -0.0017771600   -0.0023066000    0.0040451200
   0.0005087000    0.0036366200    0.0022361600
  -0.0003820400    0.0004222700   -0.0005877000
   0.0023619500    0.0001326400   -0.0003446800
   0.0108200200    0.0025943900    0.0028834100
   0.0002805700   -0.0018507900   -0.0007901800
   0.0011580000   -0.0028542400   -0.0007802600
   0.0045594000    0.0045908400    0.0003747000
  -0.0010110700    0.0020368100   -0.0002009000
   0.0008103700   -0.0004024300   -0.0010571300
   0.0027590600    0.0011547900    0.0018728100
   0.0005652100    0.0022658500   -0.0024697100
  -0.0000157500    0.0000842100   -0.0003909800
   0.0003789200   -0.0001100400   -0.0002117900
   0.0268174100   -0.0324494100   -0.0037873200
   0.0022472400   -0.0023513300    0.0011734000
  -0.0002151000    0.0002520300   -0.0000563100
   0.0017244400   -0.0005428900   -0.0066514800
  -0.0000273900    0.0003765300    0.0005156200
   0.0007800000    0.0002012800    0.0006573400
   0.0133483400   -0.0020880200   -0.0144989300
   0.0004006600   -0.0042559700   -0.0028586400
   0.0000553200   -0.0003655700    0.0009224400
   0.0004423900    0.0000157800    0.0001139700
   0.0110840600    0.0002681600   -0.0000240800
  -0.0009149100   -0.0008659300    0.0014630700
  -0.0056875100    0.0005621100    0.0020302500
  -0.0021345100   -0.0063578600    0.0012846600
   0.0000990900   -0.0002774100    0.0002947600
  -0.0000661800    0.0023000700    0.0028022500
  -0.0009606400    0.0000998400   -0.0024417900
  -0.0004101200   -0.0001469100   -0.0002439800
   0.0923052000   -0.0598464900   -0.0822294200
   0.0000310300    0.0002553500    0.0003050600
   0.0001461600   -0.0033108700   -0.0007912400
   0.0165016500   -0.0094188700   -0.0000337300
  -0.0003348000   -0.0006161100    0.0003457600
   0.0084574700    0.0006618700   -0.0039494600
   0.0017143000    0.0010312600    0.0021472600

7    
 -0.0100000000000000   0.0000000000000000   0.0000000000000000
   0.0009233700    0.0001444300   -0.0006592300
   0.0108314100   -0.0011778700    0.0029156400
   0.0143929400    0.0040504500    0.0016240500
   0.0001172500    0.0000274500   -0.0002450300
   0.0031945200    0.0018932000   -0.0014548900
   0.0003205500    0.0006329200   -0.0005298200
   0.1557608100   -0.1104383100   -0.0995285700
   0.0001113100    0.0000739500   -0.0000898300
   0.0009869300    0.0001969200    0.0005852900
   0.0024184900    0.0020809700   -0.0045901200
  -0.0010069000   -0.0040520900   -0.0027429800
  -0.0000926500   -0.0008171500    0.0000604500
   0.0022397200   -0.0001343100    0.0003538700
  -0.0062905200   -0.0026350100   -0.0029405300
  -0.0025917800   -0.0021377400    0.0008018200
  -0.0034617600   -0.0011366400    0.0007650200
  -0.0068910700   -0.0006345700   -0.0003494400
  -0.0012931000    0.0019524200    0.0002020800
  -0.0010313300   -0.0000060100    0.0008022200
  -0.0029894100   -0.0015628300   -0.0021789500
  -0.0007922500   -0.0018712100    0.0022009400
  -0.0002175500    0.0003032500    0.0001252200
   0.0000810100    0.0001349400   -0.0000582800
  -0.0261932400    0.0320351000    0.0034335400
  -0.0024290200    0.0027453400   -0.0009012400
   0.0000144300    0.0001548800    0.0003371500
  -0.0019770700    0.0001422900    0.0070056500
  -0.0002134900   -0.0007820300   -0.0002547400
  -0.0003278600   -0.0002211700   -0.0003896400
  -0.0129043300    0.0020686900    0.0145948000
  -0.0008864000    0.0046971500    0.0034322600
  -0.0005419600    0.0007883800   -0.0004093400
   0.0001399700    0.0001986500    0.0004031300
  -0.0105892500   -0.0000060900    0.0005277300
   0.0008154600    0.0002570300   -0.0009375600
   0.0055583100   -0.0010443600   -0.0013507300
   0.0024208600    0.0058629500   -0.0013214200
   0.0001888300   -0.0002208900   -0.0003014600
   0.0003437500   -0.0018206700   -0.0028431300
   0.0012368900    0.0003694900    0.0024637400
  -0.0001638200    0.0001572500    0.0002424000
  -0.0919789600    0.0575565100    0.0790447200
  -0.0006870600    0.0008704400   -0.0002991400
  -0.0008540600    0.0044032200    0.0008193700
  -0.0178750400    0.0091631000    0.0000641000
  -0.0003268900   -0.0005263300   -0.0003588300
  -0.0070978700   -0.0007252800    0.0041165000
  -0.0003921800   -0.0010108100   -0.0021867900

7    
 -0.0050000000006408   0.0086602540374744   0.0000000000000000
   0.0009914300    0.0004617200   -0.0005916600
   0.0056066600    0.0009094400    0.0006884100
   0.0180178500    0.0021569400    0.0050887800
   0.0001793100   -0.0000236900   -0.0003818400
   0.0015258900    0.0030388500   -0.0002906800
  -0.0002069700    0.0008079700   -0.0002168300
   0.1731389800   -0.1794935600   -0.1351325300
   0.0002436600   -0.0000080600    0.0001541100
   0.0007808300    0.0001325500    0.0008469200
   0.0006359100    0.0039779900   -0.0089686100
   0.0015209400   -0.0016180600    0.0032260900
  -0.0000432800   -0.0008724600   -0.0003205500
   0.0021975100   -0.0001191300    0.0004071900
  -0.0029611600   -0.0033726600   -0.0012026800
  -0.0026377500   -0.0024037200    0.0004175400
  -0.0019953500   -0.0017996100    0.0000395300
  -0.0063243400   -0.0006265300   -0.0006528100
  -0.0013573800    0.0018942000    0.0002164300
  -0.0008623500   -0.0002715000    0.0009128800
  -0.0027517900   -0.0012575400   -0.0027790000
   0.0017533700    0.0013001700   -0.0004556600
   0.0004281300    0.0003769500    0.0005021100
   0.0000368400    0.0001957500    0.0001057900
  -0.0420228400    0.0309044900    0.0028890900
  -0.0041233200    0.0118088500   -0.0015791600
   0.0000417300    0.0002320900    0.0005200000
  -0.0021522500   -0.0017637500    0.0065641000
  -0.0000544300   -0.0012982300   -0.0004672200
  -0.0003970200   -0.0005804300   -0.0005924800
  -0.0047209200   -0.0029815100    0.0059183300
  -0.0011923500    0.0056112400    0.0040096900
  -0.0014680800    0.0016561900   -0.0005731100
   0.0001523000    0.0002195400    0.0005630700
  -0.0110367300    0.0061845300    0.0003156500
   0.0008830900    0.0004354800   -0.0008030100
   0.0020593200    0.0051785200    0.0146021500
  -0.0034169100   -0.0040733200   -0.0044659100
   0.0000924100   -0.0006741800   -0.0005674300
   0.0005449200   -0.0012145900   -0.0033299200
   0.0031246900    0.0006476400    0.0043976900
  -0.0002316300    0.0000615900    0.0000082400
  -0.0948594400    0.1077818100    0.1079195500
  -0.0008418000   -0.0000842500   -0.0010961100
  -0.0073040300   -0.0039543700    0.0032949300
  -0.0181509900    0.0156955100   -0.0003014100
  -0.0003714500   -0.0004826500   -0.0006384900
  -0.0038604100    0.0064536100    0.0055628600
   0.0013891800    0.0008501900   -0.0037640200

7    
  0.0050000000006408  -0.0086602540374744   0.0000000000000000
  -0.0009406600   -0.0005426900    0.0005811500
  -0.0054257700   -0.0009845900   -0.0006562500
  -0.0180183900   -0.0021470000   -0.0050831600
  -0.0001431400    0.0000922200    0.0003716100
  -0.0016269100   -0.0029837500    0.0002786500
   0.0001243600   -0.0007924500    0.0002161100
  -0.1761880200    0.1823137700    0.1410959800
  -0.0003254800    0.0005994400   -0.0006984200
  -0.0002117900   -0.0003524100   -0.0013852300
  -0.0000331900   -0.0041918900    0.0082872700
  -0.0020035800    0.0011926400   -0.0038066700
  -0.0004293900    0.0004976300   -0.0002345500
   0.0024263700    0.0001113800   -0.0003918000
   0.0076026300    0.0033692000    0.0011559900
   0.0003127800   -0.0016054000   -0.0004078600
  -0.0003426200   -0.0021965300   -0.0000306100
   0.0039967400    0.0046249100    0.0006857200
  -0.0009568900    0.0021060600   -0.0002121400
   0.0006952100   -0.0001098600   -0.0012132000
   0.0025500100    0.0008646800    0.0024163300
  -0.0019642700   -0.0009477900    0.0001405600
  -0.0006681100   -0.0000466200   -0.0008038500
   0.0003611400   -0.0001550500   -0.0004066200
   0.0431494400   -0.0313080600   -0.0033211200
   0.0040383000   -0.0113501800    0.0019102100
  -0.0002031000    0.0001361700   -0.0002035400
   0.0019089100    0.0013960500   -0.0061668600
  -0.0001808100    0.0009574300    0.0007699000
   0.0007924100    0.0005305000    0.0009057400
   0.0049188200    0.0029972800   -0.0055042300
   0.0007088700   -0.0051777300   -0.0033569000
   0.0009858500   -0.0012650900    0.0011244700
   0.0003989100    0.0000077000    0.0000011100
   0.0113742500   -0.0059160500    0.0002301300
  -0.0009601700   -0.0010252400    0.0013551100
  -0.0021801400   -0.0056258800   -0.0140196600
   0.0037169900    0.0036138100    0.0043895700
   0.0001873100    0.0001558700    0.0005673000
  -0.0002521000    0.0017343200    0.0032480800
  -0.0028097700   -0.0001468200   -0.0043590500
  -0.0003503200   -0.0000723000   -0.0000122900
   0.0982285900   -0.1110121300   -0.1147116800
   0.0001778000    0.0012448100    0.0011000100
   0.0065874600    0.0051012800   -0.0032695300
   0.0160347100   -0.0156088200    0.0003629000
  -0.0002817100   -0.0006434800    0.0006320200
   0.0052896700   -0.0065971300   -0.0052722500
  -0.0000712200   -0.0008422100    0.0037015600

7    
  0.0000000000000000   0.0000000000000000   0.0100000000000000
  -0.0008239100    0.0002467700   -0.0043572000
   0.0094240900   -0.0021100600    0.0021489000
   0.0023095300   -0.0000322600    0.0092843900
  -0.0001179900    0.0001553300   -0.0048018700
   0.0048105700    0.0015441600    0.0017279700
  -0.0007286400    0.0002444800   -0.0044311400
   0.0980734000   -0.0983000400   -0.1976039800
  -0.0002029500    0.0006964200    0.0043902400
   0.0002284900    0.0002815200    0.0032166500
   0.0037758400   -0.0049861400    0.0023519300
   0.0041059700    0.0073407500    0.0023477800
  -0.0005094000   -0.0012989600    0.0032140100
   0.0023380700   -0.0008723200    0.0042231500
   0.0032034000    0.0020804900   -0.0061077800
  -0.0001996700   -0.0020244400    0.0020988800
  -0.0036168800   -0.0011342400    0.0030648100
  -0.0020188600    0.0006981400   -0.0061131500
  -0.0005286000    0.0024045300    0.0042027400
  -0.0006900000    0.0001342400    0.0029554800
  -0.0016644600   -0.0004847100   -0.0009618900
  -0.0034921200   -0.0029946200   -0.0002227400
   0.0003896400    0.0010931400    0.0031667200
   0.0008790500   -0.0003820000    0.0034820000
  -0.0024006400    0.0015002600   -0.0109977900
  -0.0018442300    0.0021644400   -0.0058584700
   0.0004723400   -0.0001716000    0.0034518200
  -0.0069763300    0.0026483800    0.0068905300
   0.0004557200   -0.0000069100    0.0029566100
   0.0002414500    0.0002756000    0.0046419600
  -0.0172087700    0.0027076300    0.0086283500
   0.0003104900   -0.0037893300   -0.0018961600
  -0.0004105300    0.0010513800    0.0049826400
  -0.0000092000    0.0001150500    0.0045973900
   0.0002639300    0.0004007500   -0.0065050100
  -0.0012497200   -0.0008527500    0.0063033100
  -0.0017181300    0.0170725800    0.0162498100
  -0.0016372600   -0.0023129300    0.0119781400
   0.0003005800   -0.0005442900   -0.0069472100
   0.0004183600   -0.0031720200   -0.0053487300
  -0.0013710300   -0.0014183000   -0.0050504800
  -0.0004099400   -0.0004140000   -0.0082166000
  -0.0798872400    0.0808377700    0.1535726200
   0.0001063200    0.0004272300   -0.0068102300
  -0.0036684600    0.0000076000    0.0028140300
  -0.0004086100   -0.0013444800    0.0158818100
  -0.0001463000   -0.0008091800   -0.0077141300
   0.0002922100    0.0017151900    0.0064323900
   0.0015403900    0.0016117800   -0.0113125200

7    
  0.0000000000000000   0.0000000000000000  -0.0100000000000000
   0.0008522800   -0.0003120200    0.0043450400
  -0.0094225700    0.0020618400   -0.0022045300
  -0.0021868200    0.0001587900   -0.0092388700
   0.0001520000   -0.0000903700    0.0047870900
  -0.0048733900   -0.0015363300   -0.0016562500
   0.0006599400   -0.0002471100    0.0044147100
  -0.1035695300    0.1042476300    0.2012311100
   0.0001233800   -0.0001076400   -0.0049453900
   0.0003071900   -0.0005081500   -0.0037921200
  -0.0032586700    0.0048193100   -0.0029206100
  -0.0045245800   -0.0075957600   -0.0029269300
   0.0000420300    0.0009564000   -0.0037858400
   0.0022845500    0.0008667700   -0.0042059400
   0.0014332900   -0.0020951300    0.0061600100
  -0.0020765800   -0.0019806800   -0.0021087400
   0.0013124000   -0.0028644300   -0.0030459300
  -0.0002922900    0.0033003900    0.0060392800
  -0.0017807300    0.0015985800   -0.0041900900
   0.0005327700   -0.0004815900   -0.0032579600
   0.0015147700    0.0001163700    0.0006797100
   0.0032244900    0.0032799100   -0.0001177400
  -0.0006204900   -0.0007702400   -0.0034631500
  -0.0004862500    0.0004173100   -0.0037773600
   0.0025552800   -0.0013258100    0.0107204100
   0.0016444200   -0.0018344900    0.0061286200
  -0.0006303400    0.0005283800   -0.0031329600
   0.0066322400   -0.0029283500   -0.0064945400
  -0.0006897500   -0.0003048300   -0.0026359000
   0.0001564100   -0.0003081200   -0.0043081700
   0.0178229200   -0.0027758700   -0.0084054200
  -0.0007689700    0.0040806000    0.0024106700
  -0.0000515200   -0.0007089400   -0.0043967500
   0.0005532500    0.0001112100   -0.0040162100
   0.0003391300   -0.0001833500    0.0070611600
   0.0011547200    0.0002577900   -0.0056947300
   0.0016669000   -0.0179272200   -0.0158345100
   0.0019321000    0.0018109800   -0.0118160900
  -0.0000080600    0.0000436700    0.0069214600
  -0.0001363600    0.0036567500    0.0053596200
   0.0016590400    0.0019236000    0.0050147300
  -0.0001741800    0.0004041300    0.0081851900
   0.0843009800   -0.0857841700   -0.1585274600
  -0.0007479000    0.0007191600    0.0068140700
   0.0030284300    0.0011314800   -0.0028799900
  -0.0001875000    0.0001113600   -0.0158524800
  -0.0005094400   -0.0003231900    0.0076972600
   0.0013453000   -0.0019832600   -0.0056432400
  -0.0002342900   -0.0016253500    0.0113057700

13   
 -0.0050000000006408   0.0086602540374744   0.0000000000000000
  -0.0489513400    0.0550325500   -0.0463298500
   0.0001904800   -0.0002400200    0.0007771800
  -0.0001394300    0.0000638500    0.0008511700
  -0.0202308800    0.0415169300   -0.0154675900
  -0.0005412200    0.0003314900    0.0012210600
  -0.0016826700    0.0002117500    0.0011897200
   0.0000322400    0.0003016000   -0.0010410000
  -0.0020601800   -0.0011918500    0.0011108400
   0.0051235000    0.0030074700    0.0012962100
   0.0004781300   -0.0000937800   -0.0009367800
  -0.0001948100    0.0014828100    0.0006462400
  -0.0017217900    0.0016065800   -0.0027222000
   0.0857147100   -0.1256563800    0.1210189900
   0.0023505100    0.0000651400   -0.0006398100
   0.0034180500   -0.0129548700    0.0000072800
  -0.0013150700   -0.0017906000    0.0001171100
  -0.0010999400    0.0021514000   -0.0005408300
   0.0084867400   -0.0088633500    0.0076760300
   0.0034989700    0.0280158500   -0.0232047900
  -0.0001825900   -0.0001416800   -0.0006735000
  -0.0000069000   -0.0005756900    0.0003558500
  -0.0008828000   -0.0008224200   -0.0015644500
   0.0007376800   -0.0079442800    0.0023478400
   0.0001608600    0.0001433000   -0.0009067300
   0.0000352800    0.0002280100   -0.0003480500
   0.0034889200    0.0296013700   -0.0254763800
   0.0009300500   -0.0009395400   -0.0009184600
   0.0000057300   -0.0006378900    0.0002530500
  -0.0345744800    0.0084289100   -0.0155047700
   0.0002926300    0.0001671500   -0.0005249300
   0.0010880800    0.0016361200   -0.0017312200
  -0.0000329300    0.0007703100    0.0007566500
  -0.0048744100    0.0037449500    0.0011610100
   0.0000919200    0.0001539600   -0.0003671800
  -0.0065756700   -0.0029363700    0.0025233000
  -0.0001969100   -0.0003973600   -0.0004773800
   0.0002403300   -0.0002559300    0.0004849100
   0.0109457900   -0.0028369700    0.0046921200
  -0.0097205200   -0.0012730400    0.0030093200
  -0.0000103600    0.0002481400    0.0007731400
   0.0083647700    0.0076547400   -0.0069253200
  -0.0002457500   -0.0000364000    0.0012963100
   0.0068680200   -0.0128240700   -0.0085465900
  -0.0003012700    0.0007727900    0.0018976800
  -0.0003757800   -0.0004365800    0.0017555800
  -0.0090726800   -0.0040875100   -0.0053910400
   0.0018812800    0.0005403600    0.0025426800
   0.0005656900   -0.0009409400    0.0004775900

13   
  0.0050000000006408  -0.0086602540374744   0.0000000000000000
   0.0475726600   -0.0535367000    0.0422750800
  -0.0001612400    0.0001899100   -0.0007508800
   0.0001738100   -0.0000086700   -0.0008439600
   0.0205280000   -0.0414758100    0.0153758700
   0.0005573500   -0.0003253500   -0.0012432000
   0.0017300300   -0.0002452900   -0.0011226700
  -0.0001192000    0.0002923600    0.0004736000
   0.0019828400    0.0017696200   -0.0016298700
  -0.0046016100   -0.0032402500   -0.0018346500
   0.0000774600   -0.0001326900    0.0003742000
  -0.0002857700   -0.0018631900   -0.0012450500
   0.0012512800   -0.0019986000    0.0021930900
  -0.0797304600    0.1243186100   -0.1161776800
   0.0022694300   -0.0000601800    0.0006212800
  -0.0057341200    0.0088891900    0.0004027700
  -0.0009933400   -0.0021966200   -0.0002003200
  -0.0012100600    0.0018431700    0.0005735200
  -0.0107963600    0.0128367900   -0.0081953900
  -0.0036291800   -0.0280143600    0.0224943200
   0.0000022500   -0.0002562100    0.0003635700
  -0.0002381700    0.0009399700   -0.0006672000
   0.0006225100    0.0012030000    0.0012741000
  -0.0000781800    0.0080333100   -0.0027198700
   0.0002621500   -0.0001012900    0.0005914900
  -0.0002177200    0.0001685700    0.0006360000
  -0.0038481700   -0.0295786000    0.0261462500
  -0.0011824700    0.0005658100    0.0012020500
  -0.0002679400    0.0002680500    0.0000333600
   0.0345091400   -0.0084731100    0.0155426100
   0.0001362000   -0.0002049000    0.0008109900
  -0.0015484400   -0.0012507600    0.0022465300
  -0.0004400700   -0.0003853200   -0.0002093200
   0.0054349300   -0.0035032600   -0.0005526500
   0.0004725800    0.0000703700    0.0008988300
   0.0065272800    0.0023580000   -0.0019636200
   0.0001120600   -0.0001988200    0.0010117500
   0.0000458400   -0.0002539400   -0.0004409100
  -0.0106380800    0.0023298500   -0.0047410400
   0.0099611800    0.0017677200   -0.0029709100
   0.0002973200    0.0002519300   -0.0007636400
  -0.0090058700   -0.0075825900    0.0067921900
  -0.0003278000    0.0000344400   -0.0012760800
  -0.0073944800    0.0136362700    0.0084354400
  -0.0003500600    0.0003560800   -0.0018863500
  -0.0002819500   -0.0007015700   -0.0017214900
   0.0084291300    0.0030521000    0.0053535600
  -0.0005865600   -0.0005338900   -0.0025108000
   0.0007118600    0.0009468700   -0.0004549100

13   
  0.0000000000000000   0.0000000000000000   0.0100000000000000
   0.0340268600   -0.0320753800    0.1002304400
   0.0004622800   -0.0014341400   -0.0068229200
  -0.0004205700   -0.0013524300   -0.0068160900
  -0.0377989200   -0.0359189700    0.1062749200
   0.0121754000    0.0019861100   -0.0125826600
  -0.0123218100    0.0020097300   -0.0125983100
  -0.0003855600    0.0005451600    0.0039174200
   0.0028657500    0.0006026100   -0.0064415000
  -0.0004024000   -0.0001477200   -0.0063560300
   0.0004784200   -0.0000036000    0.0038998900
   0.0001510300   -0.0008730700    0.0018232200
   0.0005020800   -0.0006372100    0.0027593700
   0.0065500500    0.1369949700   -0.3843555700
   0.0023198200   -0.0007265600    0.0067937800
   0.0065631500    0.0027349100    0.0718442500
  -0.0017147500   -0.0025198500    0.0115678800
  -0.0006035700    0.0015166500    0.0115107800
  -0.0093128400    0.0068934700    0.0735691500
  -0.0006831700   -0.0309463300    0.0109420200
  -0.0004240900    0.0000659900    0.0032879700
  -0.0024152100    0.0027550200    0.0030618600
   0.0029452100   -0.0019577300    0.0021670400
  -0.0203040200   -0.0054855500   -0.0051623800
   0.0012221100   -0.0002084900    0.0034497600
   0.0002624800    0.0004162200    0.0035975900
   0.0004409900   -0.0308882300    0.0112001800
  -0.0031637900   -0.0022551600    0.0024892700
   0.0022010400    0.0024487700    0.0033636900
   0.0208048200   -0.0055405600   -0.0046499600
  -0.0008382400   -0.0002418000    0.0037541300
  -0.0009735000   -0.0002921900    0.0033475800
  -0.0006130200   -0.0005247400    0.0023836500
   0.0009389100    0.0000841400   -0.0057913100
   0.0000567200    0.0002223400    0.0044850500
  -0.0029528700    0.0000395500   -0.0058239000
   0.0003160000   -0.0000314200    0.0045001200
   0.0003479500   -0.0016152500   -0.0064496600
  -0.0087756500    0.0032843300   -0.0021775900
   0.0090542900    0.0037849500   -0.0022258400
  -0.0000621500   -0.0011425800   -0.0064372500
  -0.0003046900   -0.0069496000    0.0221701900
  -0.0002798900    0.0000188500   -0.0073349400
   0.0002198400   -0.0013980000    0.0145860000
  -0.0008467200    0.0009124200   -0.0080595600
   0.0001723600   -0.0002309400   -0.0080543800
  -0.0008500500   -0.0024951100    0.0146647900
  -0.0037967100    0.0002745800   -0.0047612300
   0.0051666500    0.0003018400   -0.0047409100

19   
  0.0100000000000000   0.0000000000000000   0.0000000000000000
   0.0424198600    0.0142424900   -0.0037941800
   0.0000357400    0.0000856000    0.0006181300
  -0.0005595100    0.0000842600    0.0003618800
  -0.0006640500   -0.0014072800    0.0017111900
   0.0077638900    0.0073881700   -0.0025550300
   0.0000665300    0.0005420400    0.0008618900
   0.0008784100   -0.0000549300   -0.0008802900
   0.0028297900   -0.0010852000   -0.0018442100
   0.0489946400    0.0197784600    0.0022361500
   0.0005206900   -0.0000477800   -0.0009566600
   0.0037694400   -0.0003194500    0.0041014400
   0.0001633500    0.0001047500   -0.0013291500
  -0.0049225000    0.0000984100   -0.0006780800
   0.0022657100   -0.0001263800   -0.0003409000
  -0.0082359300    0.0055501900    0.0055675600
  -0.0010160300   -0.0021427300   -0.0007144600
  -0.0023308100    0.0012200000    0.0003072900
  -0.0016099000    0.0015657800   -0.0011126500
  -0.2705832400   -0.1049852900    0.1174066000
  -0.0001770600   -0.0002327600   -0.0006285200
  -0.0011271100   -0.0022232300    0.0013591100
   0.0002472700   -0.0004313200   -0.0010723600
  -0.0003970400    0.0026336600   -0.0020143200
   0.0002216100    0.0004176600   -0.0007152800
   0.0005930600   -0.0002441500    0.0005043900
   0.0012959100    0.0012296300   -0.0004034000
   0.0069842700   -0.0080817000   -0.0164953300
  -0.0001279300   -0.0007142100    0.0001532600
   0.0520418100    0.0344305100   -0.0154002300
   0.0003485500    0.0000651000   -0.0003748400
  -0.0005031200    0.0058362700   -0.0061644000
  -0.0005674500    0.0009001900    0.0005396400
  -0.0000454600   -0.0014878900   -0.0055380700
  -0.0007213700    0.0000722400    0.0004219000
   0.0023001900    0.0030424200    0.0020139700
  -0.0001511500   -0.0003833100   -0.0002857900
   0.0008719800    0.0015358200   -0.0024119300
  -0.0016698600    0.0000290700    0.0020486500
   0.1309003700    0.0314261900   -0.0764796600
   0.0001523600    0.0003920700    0.0006216800
  -0.0069351900   -0.0046326000    0.0074256000
  -0.0002424900    0.0000247500    0.0009312100
  -0.0066250400    0.0007073100   -0.0017748800
  -0.0003371300    0.0005656800    0.0009877700
   0.0000955900   -0.0008322300    0.0037547500
   0.0067092100   -0.0004766500   -0.0065800900
  -0.0035433000   -0.0037057800   -0.0048256500
   0.0006224400   -0.0003538800    0.0014362900

19   
 -0.0100000000000000   0.0000000000000000   0.0000000000000000
  -0.0426805100   -0.0153835800    0.0040507700
   0.0000001900   -0.0001612700   -0.0006090400
   0.0006039400   -0.0000241500   -0.0003736900
   0.0006393200    0.0014391400   -0.0016137100
  -0.0077471400   -0.0073697600    0.0024708900
  -0.0001402200   -0.0005430600   -0.0008498100
  -0.0009826700    0.0006626600    0.0003469700
  -0.0029443000    0.0016935000    0.0013394000
  -0.0474612800   -0.0196003900   -0.0026809800
   0.0000544600   -0.0001710100    0.0004241400
  -0.0042658000   -0.0000729700   -0.0046821800
  -0.0006414200   -0.0004911900    0.0007946600
   0.0095572300    0.0002249500    0.0004414300
   0.0023442600    0.0001300600    0.0003401200
   0.0060022300   -0.0092179500   -0.0054316800
  -0.0012844600   -0.0018411200    0.0007071700
   0.0000217600    0.0027633500   -0.0002910400
  -0.0006938400    0.0024248400    0.0010857600
   0.2652058800    0.1024628000   -0.1127138700
  -0.0000086500   -0.0001811400    0.0003300900
   0.0008574900    0.0025975600   -0.0016505100
  -0.0005080900    0.0007993500    0.0007774100
   0.0008705500   -0.0025947000    0.0017303100
   0.0002220900   -0.0003731100    0.0004135300
  -0.0007836500    0.0006513900   -0.0002144700
  -0.0014900600   -0.0007858900    0.0006928800
  -0.0072459300    0.0076386100    0.0165829300
  -0.0001310800    0.0003467800    0.0001358900
  -0.0524804900   -0.0351961800    0.0159437800
   0.0000939200   -0.0001041500    0.0006623500
  -0.0000050100   -0.0054227500    0.0065933600
   0.0000927900   -0.0005123600   -0.0000167800
   0.0006548400    0.0017029900    0.0060887200
   0.0013013100    0.0001484600    0.0001009700
  -0.0023978800   -0.0036664900   -0.0014867400
   0.0000572800   -0.0002216000    0.0008094300
  -0.0005868000   -0.0020693200    0.0024248600
   0.0019563000   -0.0005411400   -0.0020444800
  -0.1247673600   -0.0281956700    0.0712028700
   0.0001392800    0.0001165600   -0.0006258800
   0.0062923100    0.0046106500   -0.0074175800
  -0.0003509100   -0.0000373200   -0.0009473900
   0.0054219900    0.0006328400    0.0018051900
  -0.0003094100    0.0005746600   -0.0009827500
  -0.0007526600   -0.0003016400   -0.0037238300
  -0.0072422900   -0.0006063800    0.0066442100
   0.0048222900    0.0037144000    0.0048445700
   0.0006902000    0.0003507600   -0.0014282400

19   
 -0.0050000000006408   0.0086602540374744   0.0000000000000000
  -0.0135978800    0.0628132600    0.0042557700
  -0.0000872700    0.0001621200    0.0000304300
  -0.0004666900   -0.0014258600   -0.0011148100
  -0.0048304700   -0.0025379000    0.0086731900
   0.0030580300   -0.0038403500   -0.0093265300
   0.0009015800   -0.0003934200    0.0008788900
  -0.0006696000    0.0003134600    0.0003100400
  -0.0002988000    0.0006396800    0.0002691100
  -0.0055226900   -0.0138557700   -0.0002556600
   0.0002141100   -0.0001165200   -0.0002583600
  -0.0027872000   -0.0008804600   -0.0036343900
  -0.0009015700   -0.0004495200    0.0002442000
   0.0071893500    0.0286539700   -0.0263275500
   0.0022813900    0.0001082100    0.0003824300
   0.0054716700    0.0301129900    0.0149277600
  -0.0012218100   -0.0018839800   -0.0003211500
  -0.0000834500    0.0022454000    0.0030536000
  -0.0010032900    0.0017672500   -0.0023054500
   0.0458131500   -0.1443609700   -0.0175880300
  -0.0000837300   -0.0002723800   -0.0002103200
  -0.0023985500    0.0037677900    0.0001169000
  -0.0007837400    0.0009717400    0.0001938500
   0.0034940700    0.0007537300   -0.0001662800
   0.0005118800    0.0006112700   -0.0005061200
  -0.0000636100    0.0010733200   -0.0002727500
  -0.0016825600    0.0039372900   -0.0011561100
  -0.0118349700    0.0012627800    0.0171053600
  -0.0003323300   -0.0003115300    0.0000691000
   0.0053270700   -0.0074399200    0.0002378700
   0.0001976300   -0.0000042200    0.0001486500
   0.0083156600    0.0048892900   -0.0108988700
   0.0000293300    0.0001332300    0.0000299200
  -0.0017424700    0.0010799900    0.0070986600
   0.0003519800    0.0002672900   -0.0003018800
   0.0010177800    0.0083802800    0.0011277800
  -0.0000235800   -0.0001965200    0.0002384600
   0.0003319000   -0.0028877000    0.0014993800
   0.0033536000   -0.0012064600   -0.0011954700
  -0.0352424900    0.0268260000    0.0169034400
   0.0002011400    0.0002719900    0.0000988100
  -0.0036391700   -0.0030705400   -0.0034090400
  -0.0000376900   -0.0003374200    0.0000148900
   0.0053062300   -0.0004557100    0.0005064200
  -0.0002708200    0.0004491700    0.0000877000
  -0.0008332300    0.0022909100    0.0002082100
  -0.0039349700    0.0053703900   -0.0004351800
   0.0007544600   -0.0033797900    0.0008250200
   0.0002526200    0.0001541100    0.0001481100

19   
  0.0050000000006408  -0.0086602540374744   0.0000000000000000
   0.0118515400   -0.0664459400   -0.0036238000
   0.0001248600   -0.0002344000   -0.0000336000
   0.0005081700    0.0014883700    0.0011084600
   0.0048737800    0.0025866400   -0.0086614500
  -0.0031246100    0.0037865600    0.0093261300
  -0.0009710800    0.0003945400   -0.0008800200
   0.0005695700    0.0002955400   -0.0008384100
   0.0001967200   -0.0000153000   -0.0008002300
   0.0057571200    0.0135235600   -0.0002909300
   0.0003505800   -0.0001078900   -0.0002730600
   0.0022983300    0.0004768900    0.0030772500
   0.0004216500    0.0000635800   -0.0007722900
  -0.0027274400   -0.0290088700    0.0266645100
   0.0023284400   -0.0001043200   -0.0003756800
  -0.0079699100   -0.0344503200   -0.0151763100
  -0.0010749200   -0.0020999900    0.0003166300
  -0.0022101300    0.0017560600   -0.0030529500
  -0.0012910100    0.0022308500    0.0023140400
  -0.0423762300    0.1474547700    0.0163448400
  -0.0000985300   -0.0001420800   -0.0000885500
   0.0021487200   -0.0033768300   -0.0004235900
   0.0005230500   -0.0005887200   -0.0004823100
  -0.0030494000   -0.0007129000   -0.0001299000
  -0.0000640000   -0.0005748700    0.0002127100
  -0.0001269700   -0.0006666900    0.0005704000
   0.0014810700   -0.0035446100    0.0014690200
   0.0116390900   -0.0015979200   -0.0169960100
   0.0000734400   -0.0000581500    0.0002217200
  -0.0046619800    0.0075808500   -0.0000450700
   0.0002520300   -0.0000343200    0.0001483400
  -0.0087586600   -0.0045518800    0.0113631500
  -0.0005034100    0.0002404900    0.0004983800
   0.0023192700   -0.0008689400   -0.0065031200
   0.0002191000   -0.0000457100    0.0008415100
  -0.0010757800   -0.0088620100   -0.0005936000
  -0.0000710000   -0.0004108600    0.0002941500
  -0.0000424200    0.0023903300   -0.0014930300
  -0.0030699400    0.0007048900    0.0011870000
   0.0346209200   -0.0260865900   -0.0164947400
   0.0000937300    0.0002262800   -0.0001108900
   0.0030183900    0.0030195400    0.0033940200
  -0.0005488300    0.0003357500   -0.0000165500
  -0.0064860000    0.0020469000   -0.0004384500
  -0.0003923300    0.0006953300   -0.0000864600
   0.0001799600   -0.0034367700   -0.0002072500
   0.0032477100   -0.0064968600    0.0004905500
   0.0005358100    0.0033782200   -0.0008088500
   0.0010615500   -0.0001521900   -0.0001457300

19   
  0.0000000000000000   0.0000000000000000   0.0100000000000000
  -0.0041246800   -0.0053213500    0.0465723200
   0.0001664100   -0.0000038200   -0.0038318200
   0.0003271700    0.0002516000   -0.0037799500
   0.0036273300    0.0003079000   -0.0057567400
  -0.0030378900   -0.0069365800   -0.0020769200
   0.0001660700    0.0001277100   -0.0035624300
  -0.0009761400    0.0009847400    0.0028421000
   0.0019961800   -0.0015485700   -0.0011042700
   0.0033207800    0.0022253600   -0.0111232200
   0.0005342000   -0.0001681500    0.0033605200
   0.0023909500   -0.0013534700   -0.0003139400
  -0.0006296100   -0.0007077800    0.0030410400
  -0.0006405400   -0.0282359600    0.0110415200
   0.0023433000   -0.0005856800    0.0034494400
   0.0013872900    0.0174236300   -0.0048326800
  -0.0019014800   -0.0016595400    0.0036005000
  -0.0000940400    0.0030252000    0.0023398400
  -0.0012688900    0.0014621800    0.0032009600
   0.1129826800    0.0459570600   -0.1530942100
  -0.0005510800   -0.0005445800    0.0026408800
  -0.0001602100    0.0023367300   -0.0006131100
  -0.0004964600    0.0010260900    0.0025215400
  -0.0015638400    0.0007557300   -0.0006406900
   0.0007950400   -0.0006973300    0.0025234600
  -0.0004303600   -0.0000871400    0.0025098500
   0.0004753500   -0.0016243500    0.0016540700
  -0.0170325200    0.0089887200    0.0131678200
  -0.0000560800   -0.0001369100    0.0032317900
  -0.0152363700   -0.0091139300   -0.0074173700
  -0.0003144800   -0.0003313600    0.0027610200
  -0.0089920000   -0.0114189400    0.0087029100
  -0.0004608700    0.0009286000    0.0047515300
  -0.0061381700    0.0043531900    0.0070073100
   0.0008890400    0.0000197300    0.0030704800
  -0.0010853300   -0.0017060900   -0.0057249100
   0.0001512600    0.0000146500    0.0035644500
   0.0000378000    0.0002296500   -0.0034391500
   0.0016969300   -0.0000481200   -0.0050279700
  -0.0670590800   -0.0194689500    0.0843372000
  -0.0000999400    0.0005665400   -0.0061470400
   0.0018109400    0.0013355800    0.0040159200
  -0.0005334300   -0.0000949500   -0.0054341400
   0.0006787300    0.0004014000    0.0152584000
  -0.0004985800    0.0004755300   -0.0060490000
  -0.0002624300   -0.0010081300   -0.0091812800
  -0.0042273000   -0.0030374500   -0.0018260600
   0.0013575600    0.0028497900    0.0045271000
   0.0007367900   -0.0002081700   -0.0047170500

19   
  0.0000000000000000   0.0000000000000000  -0.0100000000000000
   0.0041055500    0.0053653600   -0.0464365800
  -0.0001212200   -0.0000708100    0.0038311100
  -0.0002875300   -0.0001833800    0.0037678400
  -0.0036058600   -0.0002762100    0.0058262000
   0.0030460300    0.0069858100    0.0019722800
  -0.0002340500   -0.0001230100    0.0035767400
   0.0008928100   -0.0003893200   -0.0033800400
  -0.0020434700    0.0021235200    0.0005273900
  -0.0028919300   -0.0025371100    0.0105880900
   0.0000199300   -0.0000612800   -0.0039054100
  -0.0028965400    0.0009964300   -0.0002175500
   0.0001540400    0.0003466300   -0.0035987500
   0.0052815200    0.0279547600   -0.0111048100
   0.0022776900    0.0005843000   -0.0034409800
  -0.0036783500   -0.0213410400    0.0049844900
  -0.0004056000   -0.0023333800   -0.0035998700
  -0.0022129700    0.0009654800   -0.0023147100
  -0.0010487300    0.0025166300   -0.0032243200
  -0.1171037100   -0.0476724600    0.1538168700
   0.0003835500    0.0001438300   -0.0029531700
  -0.0001185300   -0.0019905200    0.0003238500
   0.0002311500   -0.0006771700   -0.0028389400
   0.0020009500   -0.0006804400    0.0002939600
  -0.0003674700    0.0007492300   -0.0028391800
   0.0002686700    0.0004807200   -0.0021878600
  -0.0006385500    0.0020348900   -0.0013599300
   0.0170758200   -0.0095343000   -0.0130120900
  -0.0002033600   -0.0002184500   -0.0029039200
   0.0158404700    0.0091582000    0.0075268200
   0.0007412700    0.0002786400   -0.0024439700
   0.0086582200    0.0119703100   -0.0083181400
  -0.0000208500   -0.0005409800   -0.0041826200
   0.0066026700   -0.0040541600   -0.0063736200
  -0.0003456700    0.0002122700   -0.0025139600
   0.0010012800    0.0011183900    0.0062739500
  -0.0002317000   -0.0006065200   -0.0030134800
   0.0002616500   -0.0007582500    0.0034215600
  -0.0013954000   -0.0004621300    0.0050337700
   0.0706717900    0.0213081700   -0.0856219000
   0.0003976500   -0.0000485800    0.0061285800
  -0.0024583800   -0.0013782600   -0.0039520400
  -0.0000639400    0.0000913400    0.0054319600
  -0.0012807300    0.0007523000   -0.0152483100
  -0.0001649500    0.0006725200    0.0060429600
  -0.0003920600   -0.0001309900    0.0092018600
   0.0037817600    0.0019383000    0.0022625600
  -0.0000701400   -0.0028782000   -0.0045709200
   0.0005872600    0.0001989200    0.0047242200

37   
  0.0100000000000000   0.0000000000000000   0.0000000000000000
  -0.0003758100   -0.0001203700   -0.0002440300
   0.0029215400   -0.0039853400    0.0033695200
   0.0227624900   -0.0402923000    0.0098776700
   0.0000508700    0.0001119300   -0.0002089900
  -0.0113879300    0.0014877600   -0.0061365200
  -0.0003739400    0.0001631000    0.0000548800
  -0.0023288800   -0.0051105000   -0.0020565700
  -0.0000801700    0.0002202900   -0.0001414200
  -0.0008860100    0.0000496200   -0.0010003200
  -0.0011971900   -0.0014516300   -0.0033764200
   0.0417771000    0.0296520900   -0.0316456900
  -0.0003426600   -0.0000233200    0.0001231800
   0.0023615700    0.0001541400    0.0001944400
   0.0013648500    0.0119066600   -0.0088901800
   0.0024383400   -0.0035609900   -0.0014016500
  -0.0010794200   -0.0020107200   -0.0010935900
   0.0010945800    0.0133004000    0.0060100900
  -0.0012056500    0.0020148600   -0.0000266000
   0.0006560200    0.0004633200   -0.0002817300
  -0.0018859000    0.0024745700    0.0013766700
   0.0400189200    0.0205490400    0.0164093800
  -0.0001237200    0.0000408900    0.0002339300
   0.0000953800   -0.0001158400    0.0000378800
  -0.0114377100    0.0017637200   -0.0023781100
   0.1247345600   -0.0319452300    0.0663847700
  -0.0000800500    0.0001275800    0.0004071800
  -0.0010919900   -0.0014703800    0.0000559400
  -0.0005408100   -0.0004083800    0.0001178900
   0.0003236700   -0.0008463600    0.0011064300
  -0.0000588300    0.0023460200    0.0005340100
  -0.0118364100   -0.0005758900   -0.0024572800
  -0.0006698500    0.0003784900    0.0000997900
   0.0003058200    0.0000554800    0.0005822600
   0.1455788500   -0.0301059800   -0.1162594400
  -0.0002303200   -0.0006349000    0.0000050800
  -0.0011319200   -0.0030841400    0.0017970900
  -0.3821096800    0.0232479100    0.0685896600
   0.0001989200   -0.0002331500   -0.0005441300
   0.0034008600   -0.0025353000    0.0026610700
   0.0025779700    0.0008164100    0.0001618900
   0.0004151800    0.0004395200   -0.0002937400
   0.0018490900    0.0033374100    0.0027129000
  -0.0038837700   -0.0022608500   -0.0016965900
  -0.0170389700    0.0046452000   -0.0013531900
   0.0473915100   -0.0038435600   -0.0017068900
  -0.0003889200   -0.0005331300   -0.0000833700
   0.0085399100    0.0154387000    0.0010690400
   0.0009085000   -0.0000368200   -0.0006962000

37   
 -0.0100000000000000   0.0000000000000000   0.0000000000000000
   0.0003920000    0.0000420200    0.0002602700
  -0.0028741900    0.0039370100   -0.0033918600
  -0.0228534400    0.0404529900   -0.0101547200
  -0.0000132500   -0.0000402100    0.0002221100
   0.0114518600   -0.0015649400    0.0061339100
   0.0002923100   -0.0001665000   -0.0000384700
   0.0022243100    0.0057359700    0.0015171000
   0.0000026000    0.0003664000   -0.0004402600
   0.0013920400   -0.0002590900    0.0003750200
   0.0017318200    0.0012177400    0.0028150500
  -0.0416293600   -0.0294856400    0.0305181000
  -0.0001289300   -0.0003397800   -0.0007023100
   0.0022774800   -0.0001415000   -0.0002060700
   0.0032910600   -0.0119214100    0.0089469400
  -0.0047824600   -0.0004514200    0.0013919300
  -0.0012405600   -0.0020055700    0.0010897400
  -0.0034356600   -0.0093261900   -0.0060254800
  -0.0011148400    0.0020028100    0.0000148700
  -0.0007903000   -0.0007800900   -0.0000583100
   0.0017503200   -0.0028357700   -0.0017109900
  -0.0407206800   -0.0208339500   -0.0171249100
  -0.0000908500    0.0002698800   -0.0005500200
   0.0002764400    0.0001473700   -0.0003518400
   0.0117518600   -0.0017181100    0.0021199900
  -0.1309039000    0.0349628200   -0.0714072200
  -0.0000809400    0.0002197300   -0.0001016900
   0.0008689500    0.0012822000    0.0002678000
   0.0003209700    0.0000977000    0.0001814800
   0.0000580500    0.0008084600   -0.0007960600
   0.0004335900   -0.0024069500   -0.0002178700
   0.0112677600    0.0009468100    0.0029006800
   0.0002028700   -0.0000175700    0.0004589800
   0.0002456400    0.0001684500   -0.0000132800
  -0.1404429300    0.0285821700    0.1101239400
   0.0001763000    0.0000480800    0.0005577500
   0.0010682500    0.0025180400   -0.0012288900
   0.3838947000   -0.0247879100   -0.0551208100
   0.0001110800   -0.0003033700    0.0005633500
  -0.0030788300    0.0029105800   -0.0024964000
  -0.0022939700   -0.0002883200   -0.0001492600
  -0.0010216700   -0.0004389500    0.0003050700
  -0.0024678300   -0.0033429300   -0.0027619200
   0.0032469400    0.0033982200    0.0016131000
   0.0164247200   -0.0035141000    0.0014358500
  -0.0481071500    0.0026387800    0.0014617800
  -0.0002641000   -0.0005872300    0.0001155500
  -0.0072269200   -0.0152219900   -0.0010536200
   0.0004088400    0.0000252700    0.0007119000

37   
  0.0000000000000000   0.0000000000000000   0.0100000000000000
   0.0015010100   -0.0013400600    0.0067263100
  -0.0003568100    0.0019034000    0.0067371900
   0.0112997600   -0.0285669000   -0.0061521300
   0.0000989800    0.0003374800    0.0078019500
  -0.0191356100    0.0241431300   -0.0061586100
   0.0002543000   -0.0000743900    0.0078070700
   0.0012737700   -0.0040669500    0.0116071400
   0.0002568200   -0.0001775500   -0.0072017000
   0.0046637000    0.0001966700   -0.0052956900
  -0.0030029800   -0.0014713600   -0.0056367400
  -0.0318019500   -0.1143424600    0.1582700000
  -0.0000053900   -0.0003180300   -0.0084766000
   0.0026087000    0.0007098400   -0.0064404300
   0.0005897400    0.0044408100   -0.0022164300
   0.0018464000   -0.0057192900   -0.0021871600
  -0.0003807800   -0.0020870300   -0.0064480200
   0.0057221800    0.0059326200    0.0221721500
  -0.0024356300    0.0012514400   -0.0073312300
  -0.0025175600    0.0001427600   -0.0035719700
   0.0019497500   -0.0003917100   -0.0051906100
   0.0168786200    0.0774282100    0.0855385100
  -0.0000279600   -0.0006087900   -0.0062891800
  -0.0007430800    0.0005649200   -0.0055870000
  -0.0038240400    0.0062950400    0.0038180800
   0.0721257900   -0.0225440600    0.0844253500
  -0.0007182400    0.0006874600   -0.0059872600
   0.0032662900   -0.0067472000    0.0041450600
  -0.0001437200   -0.0012864700   -0.0052879700
   0.0010766300    0.0018497700   -0.0048745800
  -0.0006929500   -0.0022810200   -0.0032815100
  -0.0033667100    0.0034876200    0.0121827400
  -0.0004985500    0.0006760000   -0.0066575000
   0.0002663100    0.0003792100   -0.0079336800
  -0.1077283900    0.0280963800    0.1538355800
  -0.0028763300   -0.0024776300   -0.0050693000
   0.0024061300    0.0033417900   -0.0047682000
   0.0609583500    0.0373725700   -0.5367274200
  -0.0004256500   -0.0005683700    0.0127542300
  -0.0024307800    0.0019099300   -0.0008262100
  -0.0000213300   -0.0001909800    0.0111957800
  -0.0007253400    0.0000842800    0.0111852100
  -0.0001080900   -0.0030878500   -0.0007675100
  -0.0002949000    0.0035125200    0.0382496200
   0.0022252200   -0.0008460500    0.0378645600
  -0.0132059700    0.0131639300   -0.0173581500
  -0.0005036000   -0.0005526900    0.0124252200
   0.0061073000   -0.0179939200   -0.0174492700
   0.0005965700   -0.0001670000    0.0124303000

43   
  0.0100000000000000   0.0000000000000000   0.0000000000000000
   0.0034066400   -0.0264436700   -0.0007699600
   0.0002121100   -0.0001691200    0.0002283000
   0.0003393100    0.0003798500    0.0008022800
   0.0072384500   -0.0073308600   -0.0077007700
  -0.0066118400    0.0005022800    0.0065894800
  -0.0011879200    0.0003575600   -0.0008393100
   0.0003092000   -0.0000640400    0.0001633400
   0.0004372700   -0.0074172800   -0.0036299400
   0.0214336000    0.0059754800   -0.0008166300
   0.0003900700   -0.0001154700   -0.0005630100
   0.0075992300   -0.0009077000   -0.0016654800
   0.0022646400   -0.0003888300   -0.0021035100
   0.0038889900    0.0092263100    0.0005444400
   0.0023202800    0.0000506300   -0.0005263500
   0.0000749800    0.0079480600   -0.0014321200
  -0.0010036300   -0.0021250800    0.0000320900
  -0.0012932300    0.0010981700   -0.0024937000
  -0.0019200600    0.0036940100    0.0019886000
  -0.0058041100    0.0029851900    0.0008240900
  -0.0001205900   -0.0001549000   -0.0002945600
   0.0068100400    0.0002201900   -0.0003309900
   0.0026057900   -0.0008527400   -0.0005455200
  -0.0079448300    0.0013868400   -0.0029850300
  -0.0001394500    0.0001562400    0.0000130600
   0.0003011100    0.0005628300    0.0000531200
   0.0067874100    0.0003516000    0.0042057800
  -0.0030828000   -0.0031643400   -0.0019547700
   0.0002203600   -0.0003400700    0.0003394000
  -0.0008492000   -0.0028744100    0.0004766300
   0.0001582500    0.0000287600   -0.0000412500
  -0.0106984900    0.0026615800   -0.0018152400
  -0.0011521900    0.0006285100    0.0003385400
   0.0083429900    0.0008659900   -0.0014664000
   0.0006951400    0.0007385700   -0.0007138200
   0.0176536600    0.0100103900    0.0003696400
  -0.0000435900   -0.0002560900    0.0000722400
  -0.0034183000   -0.0037891600    0.0001294500
  -0.0165749600    0.0045258700    0.0025049200
   0.0477690400    0.0078018200    0.0126814700
   0.0000914200    0.0001010400    0.0001737200
   0.0171888300    0.0209239200    0.0183428900
  -0.0001810400   -0.0001162300    0.0001099900
  -0.1242722600   -0.0330819300   -0.0043262300
  -0.0002518900    0.0007633900    0.0008525800
  -0.0005879900   -0.0007178900    0.0006939300
   0.0193847200   -0.0016689500   -0.0071564000
   0.0079916100    0.0083602100   -0.0093868700
   0.0012232400   -0.0003265100    0.0010278900

43   
 -0.0100000000000000   0.0000000000000000   0.0000000000000000
  -0.0035073300    0.0262372700    0.0008267900
  -0.0001838800    0.0001044000   -0.0002270900
  -0.0002897500   -0.0003208400   -0.0008017600
  -0.0071149800    0.0074262500    0.0077380700
   0.0065823400   -0.0006660100   -0.0065961300
   0.0011064800   -0.0003652100    0.0008440700
  -0.0004161900    0.0006685800   -0.0007088000
  -0.0005692000    0.0080185400    0.0030409800
  -0.0228453500   -0.0069591200    0.0003117800
   0.0001637200   -0.0001064200    0.0000180800
  -0.0081264300    0.0004221600    0.0009959000
  -0.0027581100   -0.0000042600    0.0015696200
   0.0006448100   -0.0091117700   -0.0005206800
   0.0022761600   -0.0000377200    0.0005201600
  -0.0025167800   -0.0117655300    0.0013988700
  -0.0013039800   -0.0018550700   -0.0000367400
  -0.0010159900    0.0029092200    0.0024977700
  -0.0003869800    0.0003103800   -0.0019894300
   0.0062295100   -0.0036564200   -0.0011480900
  -0.0000815600   -0.0002542200    0.0000160500
  -0.0070561000    0.0002671800   -0.0000399600
  -0.0028626700    0.0012499100    0.0002705300
   0.0083529200   -0.0014165000    0.0026749800
   0.0005815400   -0.0001352000   -0.0002818100
  -0.0005419200   -0.0001370400    0.0001975500
  -0.0071492800    0.0000779800   -0.0037817800
   0.0028572100    0.0028962400    0.0023156800
  -0.0004709900   -0.0000363100   -0.0000789800
   0.0013171200    0.0027001400   -0.0001769500
   0.0002898000   -0.0000533300    0.0003104500
   0.0102536600   -0.0023284700    0.0025277500
   0.0006803800   -0.0002466400    0.0001909400
  -0.0075578200   -0.0007047200    0.0022896900
  -0.0000874600   -0.0005162400    0.0012240300
  -0.0167362000   -0.0096106900    0.0001694200
  -0.0000451400   -0.0003377500    0.0004589500
   0.0036781300    0.0032815800    0.0000499500
   0.0168718400   -0.0050167600   -0.0026082200
  -0.0477599300   -0.0075785700   -0.0130539900
   0.0001875600    0.0003859100   -0.0001666500
  -0.0175168000   -0.0206698900   -0.0183037400
  -0.0003924000    0.0001247700   -0.0001001900
   0.1244079400    0.0342191000    0.0040135500
  -0.0004094100    0.0003642500   -0.0008427400
  -0.0000694600   -0.0004304900   -0.0007475500
  -0.0201415500    0.0004724400    0.0074262800
  -0.0066551700   -0.0081525200    0.0093095900
   0.0000876600    0.0003374000   -0.0009962100

43   
  0.0000000000000000   0.0000000000000000   0.0100000000000000
   0.0004237800    0.0002370800   -0.0270982900
  -0.0000156700   -0.0000518400    0.0090069800
   0.0019296700   -0.0024702700    0.0084191700
  -0.0100986400    0.0164133600    0.0004797400
   0.0090118100   -0.0167935100    0.0005697700
  -0.0012640400    0.0029419000    0.0084144700
   0.0002569300   -0.0007966400   -0.0071007700
  -0.0008497600    0.0036282100    0.0026051900
   0.0000270100    0.0001682400    0.0156020900
  -0.0003595400   -0.0001657200   -0.0079912300
  -0.0016344800   -0.0057827800    0.0053243100
   0.0013366300    0.0032360100   -0.0115983500
   0.0054100600   -0.0079828700    0.0147043400
   0.0021536900    0.0020922600   -0.0080417700
  -0.0065276300    0.0047344400    0.0145508800
   0.0005839900   -0.0031818100   -0.0080469600
  -0.0036774200    0.0029126100   -0.0047608900
  -0.0016164000   -0.0006485200   -0.0047270100
  -0.0018887600   -0.0006706500    0.0151233000
   0.0008876000    0.0004828900   -0.0061844400
  -0.0005543800    0.0081186100   -0.0024286200
   0.0000914400   -0.0042616600   -0.0093405700
   0.0042422400   -0.0032655400    0.0044533600
  -0.0013746400    0.0007480700   -0.0048591400
  -0.0038170900    0.0025617500   -0.0090196700
   0.0064809100   -0.0041722100   -0.0016428800
  -0.0009205800    0.0049124200    0.0046551500
  -0.0002552500   -0.0019095800   -0.0045661100
  -0.0011029500   -0.0013127300    0.0153937400
   0.0012678700    0.0005118200   -0.0058956600
   0.0022154000   -0.0021777800    0.0030993200
  -0.0010334600    0.0009793500   -0.0065048100
  -0.0050048600    0.0015844000    0.0067781700
   0.0039943800   -0.0002197800   -0.0109952200
  -0.0000563400   -0.0007795300    0.0161497100
  -0.0003962000   -0.0008130800   -0.0074092000
  -0.0014911900   -0.0009031800    0.0378367500
  -0.0012614300   -0.0013661200    0.0382835200
   0.0017238300    0.0023859800   -0.0172880000
   0.0002454600   -0.0005171000    0.0124247300
   0.0023385100    0.0003020700   -0.0175189800
  -0.0009079200    0.0004688000    0.0124395400
  -0.0045204000   -0.0018010600   -0.0907775000
   0.0005177800    0.0010555300    0.0169224300
  -0.0010477800    0.0001820800    0.0109953500
   0.0070019300   -0.0071849400   -0.0057712000
  -0.0014085800    0.0095673000   -0.0056282300
   0.0009444900   -0.0009962700    0.0109634900
