96   
20   

1    
  0.0100000000000000   0.0000000000000000   0.0000000000000000
  -0.0607821300    0.0000000000   -0.0104784300
   0.0012193600    0.0000000000   -0.0002444500
  -0.0052336100    0.0001852500   -0.0007639100
   0.0001216300    0.0001299200   -0.0002559500
  -0.0052336100   -0.0001852500   -0.0007639100
   0.0001216300   -0.0001299200   -0.0002559500
   0.0005544200    0.0000000000   -0.0023824400
   0.0005483800    0.0000000000    0.0028333700
  -0.0012625000    0.0007605100   -0.0000452300
  -0.0012568800   -0.0013605400    0.0015793400
  -0.0012625000   -0.0007605100   -0.0000452300
  -0.0012568800    0.0013605400    0.0015793400
   0.0052653800    0.0084682200    0.0061201800
   0.0042052900   -0.0013598900   -0.0007494800
   0.0013815500    0.0000000000    0.0005491300
   0.0021693100    0.0000000000    0.0000687400
   0.0052653800   -0.0084682200    0.0061201800
   0.0042052900    0.0013598900   -0.0007494800
  -0.0010657900   -0.0013392900   -0.0008408100
   0.0031595800    0.0001938700   -0.0002316600
   0.0003840100    0.0000000000   -0.0003836000
   0.0026608600    0.0000000000   -0.0002633400
  -0.0010657900    0.0013392900   -0.0008408100
   0.0031595800   -0.0001938700   -0.0002316600
  -0.0020164500    0.0000000000   -0.0004169900
   0.0001287900    0.0000000000   -0.0014092300
  -0.0006431400    0.0002449800   -0.0013343200
   0.0000914400   -0.0000170900   -0.0014070700
  -0.0006431400   -0.0002449800   -0.0013343200
   0.0000914400    0.0000170900   -0.0014070700
   0.0040374600    0.0000000000    0.0033883900
   0.0009278100    0.0000000000    0.0016191600
   0.0000272200    0.0002754800    0.0014384600
   0.0002132200   -0.0007223600    0.0011700500
   0.0000272200   -0.0002754800    0.0014384600
   0.0002132200    0.0007223600    0.0011700500
   0.0000610400    0.0001127000    0.0014536800
   0.0004041300   -0.0001351600    0.0012353400
   0.0001023500    0.0000000000    0.0014126500
   0.0002238800    0.0000000000    0.0013917900
   0.0000610400   -0.0001127000    0.0014536800
   0.0004041300    0.0001351600    0.0012353400
  -0.0006868400   -0.0022578900   -0.0032949900
   0.0003325800    0.0001040700   -0.0013773400
  -0.0000737500    0.0000000000   -0.0013799300
   0.0002656100    0.0000000000   -0.0014081700
  -0.0006868400    0.0022578900   -0.0032949900
   0.0003325800   -0.0001040700   -0.0013773400
   0.0024974700    0.0009094100   -0.0022422300
  -0.0013684200    0.0001127000   -0.0010831000
   0.0000466700    0.0000000000   -0.0010124700
  -0.0008824700    0.0000000000   -0.0009892100
   0.0024974700   -0.0009094100   -0.0022422300
  -0.0013684200   -0.0001127000   -0.0010831000
  -0.0018065600   -0.0010358100    0.0014227000
   0.0025833100   -0.0005537800    0.0013047800
  -0.0007238000    0.0000000000    0.0010114400
   0.0000243600    0.0000000000    0.0011198800
  -0.0018065600    0.0010358100    0.0014227000
   0.0025833100    0.0005537800    0.0013047800
   0.0013126600    0.0000000000    0.0000098600
  -0.0005948600    0.0000000000    0.0011614400
   0.0010036000   -0.0004171600    0.0006732600
  -0.0001512900    0.0001577700    0.0010805800
   0.0010036000    0.0004171600    0.0006732600
  -0.0001512900   -0.0001577700    0.0010805800
   0.0027536100    0.0000000000   -0.0014143800
  -0.0009232000    0.0000000000   -0.0016634400
   0.0009162700    0.0003418300   -0.0008355400
  -0.0002813600   -0.0003672700   -0.0011749500
   0.0009162700   -0.0003418300   -0.0008355400
  -0.0002813600    0.0003672700   -0.0011749500
   0.0031858500    0.0000000000   -0.0031935500
  -0.0000538600    0.0000000000   -0.0006167500
   0.0023120600    0.0002804800   -0.0012074400
   0.0004589800   -0.0001005600   -0.0007327000
   0.0023120600   -0.0002804800   -0.0012074400
   0.0004589800    0.0001005600   -0.0007327000
   0.0247618100    0.0000000000    0.0003005300
  -0.0011640800    0.0000000000    0.0009951800
   0.0018551100   -0.0015515600    0.0011997900
  -0.0000450500    0.0009803500    0.0011350100
   0.0018551100    0.0015515600    0.0011997900
  -0.0000450500   -0.0009803500    0.0011350100
  -0.0016272200   -0.0005444900    0.0010783200
  -0.0011153200    0.0007181600    0.0007006200
  -0.0014469300    0.0000000000    0.0010164400
  -0.0007450900    0.0000000000    0.0005168100
  -0.0016272200    0.0005444900    0.0010783200
  -0.0011153200   -0.0007181600    0.0007006200
   0.0060832800    0.0045811600    0.0028855000
  -0.0025626400   -0.0000444500   -0.0011096100
  -0.0003670700    0.0000000000   -0.0007558500
  -0.0018850700    0.0000000000   -0.0009651600
   0.0060832800   -0.0045811600    0.0028855000
  -0.0025626400    0.0000444500   -0.0011096100

1    
 -0.0100000000000000   0.0000000000000000   0.0000000000000000
   0.0562505200    0.0000000000    0.0094142700
  -0.0045641600    0.0000000000   -0.0004961600
   0.0018883700   -0.0002220500    0.0000269700
  -0.0034647700   -0.0001313300   -0.0004866400
   0.0018883700    0.0002220500    0.0000269700
  -0.0034647700    0.0001313300   -0.0004866400
  -0.0038965200    0.0000000000    0.0030959900
  -0.0039025800    0.0000000000   -0.0021066800
  -0.0020943500   -0.0007645800    0.0007882100
  -0.0020878700    0.0013651300   -0.0008371400
  -0.0020943500    0.0007645800    0.0007882100
  -0.0020878700   -0.0013651300   -0.0008371400
  -0.0019136100   -0.0083824300   -0.0053186300
  -0.0008618500    0.0013710600    0.0015023100
   0.0019613900    0.0000000000    0.0001954300
   0.0011845900    0.0000000000    0.0006766600
  -0.0019136100    0.0083824300   -0.0053186300
  -0.0008618500   -0.0013710600    0.0015023100
   0.0044194400    0.0013425500    0.0000899300
   0.0001870600   -0.0001901200   -0.0005102600
   0.0029614900    0.0000000000   -0.0003605200
   0.0006893600    0.0000000000   -0.0004793600
   0.0044194400   -0.0013425500    0.0000899300
   0.0001870600    0.0001901200   -0.0005102600
   0.0017870700    0.0000000000   -0.0023332200
  -0.0003763200    0.0000000000   -0.0013692400
   0.0004000800   -0.0002423600   -0.0014359000
  -0.0003386500    0.0000205100   -0.0013665000
   0.0004000800    0.0002423600   -0.0014359000
  -0.0003386500   -0.0000205100   -0.0013665000
  -0.0041465700    0.0000000000   -0.0005662500
  -0.0011776900    0.0000000000    0.0011465300
  -0.0002762300   -0.0002698800    0.0013346000
  -0.0004478600    0.0007246000    0.0015914600
  -0.0002762300    0.0002698800    0.0013346000
  -0.0004478600   -0.0007246000    0.0015914600
   0.0001844000   -0.0001156600    0.0013199500
  -0.0001643000    0.0001322900    0.0015308400
   0.0001200400    0.0000000000    0.0013464300
   0.0000411700    0.0000000000    0.0013981300
   0.0001844000    0.0001156600    0.0013199500
  -0.0001643000   -0.0001322900    0.0015308400
   0.0009383000    0.0022436400    0.0005277200
  -0.0000752700   -0.0001067700   -0.0014018700
   0.0002990500    0.0000000000   -0.0013802600
  -0.0000219900    0.0000000000   -0.0013665200
   0.0009383000   -0.0022436400    0.0005277200
  -0.0000752700    0.0001067700   -0.0014018700
  -0.0032456700   -0.0008748800    0.0001670100
   0.0006093600   -0.0001087400   -0.0009571200
  -0.0007918000    0.0000000000   -0.0010315900
   0.0001329900    0.0000000000   -0.0010520600
  -0.0032456700    0.0008748800    0.0001670100
   0.0006093600    0.0001087400   -0.0009571200
   0.0010418700    0.0010310900    0.0006227500
  -0.0034835100    0.0006858900    0.0006878300
  -0.0000223900    0.0000000000    0.0010310300
  -0.0007750000    0.0000000000    0.0009201900
   0.0010418700   -0.0010310900    0.0006227500
  -0.0034835100   -0.0006858900    0.0006878300
  -0.0005589000    0.0000000000    0.0020271500
   0.0013398200    0.0000000000    0.0008809000
  -0.0002426800    0.0004109500    0.0013657500
   0.0009065000   -0.0001638500    0.0009609400
  -0.0002426800   -0.0004109500    0.0013657500
   0.0009065000    0.0001638500    0.0009609400
  -0.0020651600    0.0000000000   -0.0005427600
   0.0016669700    0.0000000000   -0.0003830000
  -0.0001644800   -0.0003457400   -0.0012055300
   0.0010375000    0.0003595600   -0.0008677600
  -0.0001644800    0.0003457400   -0.0012055300
   0.0010375000   -0.0003595600   -0.0008677600
  -0.0009141000    0.0000000000    0.0013976200
   0.0023545200    0.0000000000   -0.0011606700
  -0.0000231500   -0.0002486200   -0.0005812000
   0.0018400200    0.0001301300   -0.0010530800
  -0.0000231500    0.0002486200   -0.0005812000
   0.0018400200   -0.0001301300   -0.0010530800
  -0.0210674200    0.0000000000    0.0017529100
   0.0034592900    0.0000000000    0.0007924100
   0.0004537300    0.0015747900    0.0005880800
   0.0023234600   -0.0009501500    0.0006632700
   0.0004537300   -0.0015747900    0.0005880800
   0.0023234600    0.0009501500    0.0006632700
  -0.0006641400    0.0005088700    0.0007089200
  -0.0011742600   -0.0007508800    0.0010980800
  -0.0008237300    0.0000000000    0.0007843000
  -0.0015714400    0.0000000000    0.0012543400
  -0.0006641400   -0.0005088700    0.0007089200
  -0.0011742600    0.0007508800    0.0010980800
  -0.0083890800   -0.0045968700   -0.0046948800
   0.0002543800    0.0000105800   -0.0006715700
  -0.0019050800    0.0000000000   -0.0010392000
  -0.0004129000    0.0000000000   -0.0008198300
  -0.0083890800    0.0045968700   -0.0046948800
   0.0002543800   -0.0000105800   -0.0006715700

1    
  0.0000000000000000   0.0100000000000000   0.0000000000000000
  -0.0017870700   -0.0710491600   -0.0009158200
  -0.0016748300   -0.0009668900   -0.0003709100
  -0.0018779000    0.0121687200   -0.0013361500
  -0.0018052500    0.0004815600   -0.0003910700
  -0.0014696600    0.0120548000    0.0005773800
  -0.0015422000    0.0004874000   -0.0003535900
  -0.0016771800   -0.0030412800    0.0003769800
  -0.0016669200   -0.0030407400    0.0003722300
  -0.0003106100    0.0014958600   -0.0000304700
  -0.0024368400    0.0014983100   -0.0004435600
  -0.0030353200    0.0015054000    0.0007749900
  -0.0009123800    0.0015027200    0.0011883200
   0.0101250200    0.0003380700    0.0040245800
   0.0003047700   -0.0007299000    0.0014781400
   0.0016791200    0.0025988100    0.0003742100
   0.0016701200    0.0015031300    0.0003713900
  -0.0067235300    0.0003676800   -0.0032662500
   0.0030379100   -0.0007248100   -0.0007327100
   0.0003305300   -0.0011345600   -0.0004901700
   0.0018641400   -0.0003808000   -0.0005066700
   0.0016725900    0.0022860600   -0.0003694600
   0.0016738900    0.0007640900   -0.0003709600
   0.0030132600   -0.0011244100   -0.0002474100
   0.0014805700   -0.0003810300   -0.0002363400
  -0.0001189700   -0.0022754300   -0.0013675200
  -0.0001204100   -0.0002371200   -0.0013860800
  -0.0001579400    0.0008146500   -0.0015743700
  -0.0001323300    0.0001210600   -0.0013531000
  -0.0000793600    0.0008132700   -0.0011935200
  -0.0001118200    0.0001186000   -0.0014166200
  -0.0001207100    0.0002205000    0.0013880700
  -0.0001195500   -0.0013993900    0.0013871500
   0.0000602100    0.0001391800    0.0013319300
  -0.0003453500    0.0007422000    0.0014303700
  -0.0003039800    0.0001377100    0.0014363300
   0.0001149000    0.0007426000    0.0013272300
   0.0002110400   -0.0002058200    0.0011461600
   0.0000783700   -0.0001059800    0.0014137900
   0.0001150700    0.0003913800    0.0013820500
   0.0001266000    0.0001923800    0.0013914900
   0.0000323500   -0.0002020600    0.0016236300
   0.0001590300   -0.0001020500    0.0013511800
  -0.0007070300    0.0024906900    0.0020563800
   0.0001485800   -0.0000908400   -0.0013236800
   0.0001125900    0.0005106800   -0.0013808300
   0.0001210600    0.0001777500   -0.0013865800
   0.0009363000    0.0024650200   -0.0047593200
   0.0000976500   -0.0000868600   -0.0014480200
  -0.0001686400    0.0023818100   -0.0011137000
  -0.0000454200    0.0002042200   -0.0008689700
  -0.0003763800   -0.0017791500   -0.0010179100
  -0.0003742400   -0.0003974800   -0.0010213900
  -0.0005407300    0.0022805400   -0.0010200800
  -0.0007121000    0.0001979700   -0.0011732900
  -0.0008929300    0.0003572500    0.0011216900
  -0.0012319500    0.0030804400    0.0008630200
  -0.0003755000   -0.0006464100    0.0010222700
  -0.0003707700   -0.0015623700    0.0010225500
   0.0001364900    0.0003455800    0.0009209100
   0.0003722600    0.0029767700    0.0011499700
   0.0003736600    0.0017825000    0.0010205600
   0.0003732800    0.0003988900    0.0010216700
   0.0001151200   -0.0008714100    0.0008183200
   0.0005193500   -0.0002044300    0.0010201200
   0.0006410400   -0.0008685200    0.0012205900
   0.0002390100   -0.0002000000    0.0010221500
   0.0003787000    0.0032129800   -0.0010240400
   0.0003745100    0.0008313900   -0.0010205600
   0.0011452600   -0.0012925800   -0.0017236200
   0.0000420400   -0.0004357900   -0.0011684900
  -0.0003822400   -0.0012843400   -0.0003255000
   0.0007137200   -0.0004311800   -0.0008750800
   0.0011394500    0.0030731700   -0.0009109400
   0.0011457900    0.0005180400   -0.0008940600
   0.0014372200   -0.0013382300   -0.0001632800
   0.0008362400   -0.0002410400   -0.0007613100
   0.0008483500   -0.0013748100   -0.0016294000
   0.0014578900   -0.0002740100   -0.0010280700
   0.0011337800    0.0067527800    0.0009007700
   0.0011452800    0.0017431300    0.0008923800
  -0.0005268300   -0.0019422700    0.0004828500
   0.0017498400   -0.0008939200    0.0005620200
   0.0028046400   -0.0019698900    0.0013037400
   0.0005276200   -0.0009299500    0.0012417800
  -0.0018355700    0.0005828600    0.0012051500
  -0.0006052100    0.0006399100    0.0010254600
  -0.0011401700   -0.0011897200    0.0008982100
  -0.0011469100   -0.0012838300    0.0008904600
  -0.0004537600    0.0006123500    0.0005857500
  -0.0016805000    0.0006670800    0.0007723700
  -0.0001704100    0.0156890700    0.0087821800
  -0.0009771000    0.0002652600   -0.0008734200
  -0.0011407300   -0.0037300400   -0.0009067000
  -0.0011458300   -0.0005659500   -0.0008930500
  -0.0019678100    0.0149661400   -0.0099926000
  -0.0013173000    0.0002960400   -0.0009142600

1    
  0.0000000000000000   0.0000000000000000   0.0100000000000000
  -0.0116966500    0.0000000000   -0.0467016800
  -0.0015510700    0.0000000000   -0.0007458400
  -0.0020722300    0.0009453400   -0.0037366400
  -0.0015585700    0.0000184700   -0.0005850700
  -0.0020722300   -0.0009453400   -0.0037366400
  -0.0015585700   -0.0000184700   -0.0005850700
  -0.0041360800    0.0000000000    0.0019727700
   0.0010506300    0.0000000000    0.0019697200
  -0.0028818500   -0.0008122000    0.0008493400
  -0.0012603000   -0.0004052700    0.0008513300
  -0.0028818500    0.0008122000    0.0008493400
  -0.0012603000    0.0004052700    0.0008513300
   0.0073969100    0.0036480900    0.0016446000
   0.0005486400    0.0011088500   -0.0008081400
   0.0018490400    0.0000000000    0.0004639100
   0.0013709700    0.0000000000    0.0000932300
   0.0073969100   -0.0036480900    0.0016446000
   0.0005486400   -0.0011088500   -0.0008081400
   0.0021366100    0.0001329000    0.0038570700
   0.0015374000    0.0001365300    0.0000389200
   0.0016898500    0.0000000000    0.0004221900
   0.0015658700    0.0000000000   -0.0001056000
   0.0021366100   -0.0001329000    0.0038570700
   0.0015374000   -0.0001365300    0.0000389200
  -0.0011588200    0.0000000000    0.0024839300
  -0.0000433600    0.0000000000   -0.0014113300
   0.0001755900   -0.0006498500   -0.0012411700
  -0.0000616600   -0.0000262000   -0.0014034700
   0.0001755900    0.0006498500   -0.0012411700
  -0.0000616600    0.0000262000   -0.0014034700
  -0.0010630500    0.0000000000    0.0015211400
  -0.0000134400    0.0000000000    0.0009394800
  -0.0002349200   -0.0001329600    0.0012242300
   0.0000301700   -0.0003780600    0.0012661900
  -0.0002349200    0.0001329600    0.0012242300
   0.0000301700    0.0003780600    0.0012661900
   0.0001128400    0.0002405500    0.0017234100
  -0.0000501500    0.0001742600    0.0015056400
   0.0001699300    0.0000000000    0.0014246800
   0.0000691500    0.0000000000    0.0014280900
   0.0001128400   -0.0002405500    0.0017234100
  -0.0000501500   -0.0001742600    0.0015056400
  -0.0004578900    0.0044739500    0.0013193500
   0.0001629300    0.0000611300   -0.0013648600
   0.0001754200    0.0000000000   -0.0014296900
   0.0001414800    0.0000000000   -0.0013918400
  -0.0004578900   -0.0044739500    0.0013193500
   0.0001629300   -0.0000611300   -0.0013648600
  -0.0011857700   -0.0005982400    0.0010748200
  -0.0005986400    0.0000479000   -0.0010387500
  -0.0005170300    0.0000000000   -0.0007422600
  -0.0004279400    0.0000000000   -0.0009993800
  -0.0011857700    0.0005982400    0.0010748200
  -0.0005986400   -0.0000479000   -0.0010387500
  -0.0003205500   -0.0001737100    0.0015855800
  -0.0002055800    0.0001027800    0.0023925900
  -0.0003589100    0.0000000000    0.0012194200
  -0.0001942500    0.0000000000    0.0012124500
  -0.0003205500    0.0001737100    0.0015855800
  -0.0002055800   -0.0001027800    0.0023925900
  -0.0001118000    0.0000000000   -0.0014030800
   0.0006944800    0.0000000000    0.0006256600
   0.0004083200   -0.0002019200    0.0003142500
   0.0003999900   -0.0000372000    0.0008795100
   0.0004083200    0.0002019200    0.0003142500
   0.0003999900    0.0000372000    0.0008795100
  -0.0008547800    0.0000000000    0.0023481700
  -0.0000822200    0.0000000000   -0.0012016200
   0.0006513600   -0.0006208900   -0.0012106900
   0.0001519800   -0.0002213200   -0.0011298600
   0.0006513600    0.0006208900   -0.0012106900
   0.0001519800    0.0002213200   -0.0011298600
   0.0005841200    0.0000000000   -0.0059336500
   0.0015496600    0.0000000000   -0.0010728100
   0.0007129700    0.0005471100   -0.0016090100
   0.0014146200   -0.0000083700   -0.0010182800
   0.0007129700   -0.0005471100   -0.0016090100
   0.0014146200    0.0000083700   -0.0010182800
   0.0060498600    0.0000000000    0.0059725900
   0.0013526400    0.0000000000    0.0018378000
   0.0009984400   -0.0005322500    0.0018332800
   0.0008831800    0.0001567100    0.0014228500
   0.0009984400    0.0005322500    0.0018332800
   0.0008831800   -0.0001567100    0.0014228500
  -0.0007021300   -0.0001079200   -0.0000101400
  -0.0011995700   -0.0000478700   -0.0000541300
  -0.0011172500    0.0000000000    0.0004744100
  -0.0011064100    0.0000000000    0.0005648300
  -0.0007021300    0.0001079200   -0.0000101400
  -0.0011995700    0.0000478700   -0.0000541300
   0.0002482100    0.0087098100    0.0110518000
  -0.0009796500   -0.0000868300   -0.0007380700
  -0.0011463900    0.0000000000   -0.0008030100
  -0.0011349400    0.0000000000   -0.0008056600
   0.0002482100   -0.0087098100    0.0110518000
  -0.0009796500    0.0000868300   -0.0007380700

1    
  0.0000000000000000   0.0000000000000000  -0.0100000000000000
   0.0081891700    0.0000000000    0.0456420100
  -0.0018042900    0.0000000000   -0.0000050400
  -0.0012794300   -0.0009702600    0.0030010900
  -0.0017923200   -0.0000200300   -0.0001660200
  -0.0012794300    0.0009702600    0.0030010900
  -0.0017923200    0.0000200300   -0.0001660200
   0.0008043300    0.0000000000   -0.0012176600
  -0.0044285300    0.0000000000   -0.0012183300
  -0.0004662100    0.0008164600   -0.0000987700
  -0.0020936900    0.0004006800   -0.0000964100
  -0.0004662100   -0.0008164600   -0.0000987700
  -0.0020936900   -0.0004006800   -0.0000964100
  -0.0040396200   -0.0036417700   -0.0009160000
   0.0028006600   -0.0011025600    0.0015542800
   0.0014970400    0.0000000000    0.0002839100
   0.0019799100    0.0000000000    0.0006551200
  -0.0040396200    0.0036417700   -0.0009160000
   0.0028006600    0.0011025600    0.0015542800
   0.0012076500   -0.0001087500   -0.0046179100
   0.0018159200   -0.0001331900   -0.0007925700
   0.0016651100    0.0000000000   -0.0011734500
   0.0017835900    0.0000000000   -0.0006440800
   0.0012076500    0.0001087500   -0.0046179100
   0.0018159200    0.0001331900   -0.0007925700
   0.0009355200    0.0000000000   -0.0053054600
  -0.0001783400    0.0000000000   -0.0013444800
  -0.0004010800    0.0006556200   -0.0015139700
  -0.0001576900    0.0000292800   -0.0013463500
  -0.0004010800   -0.0006556200   -0.0015139700
  -0.0001576900   -0.0000292800   -0.0013463500
   0.0008483900    0.0000000000    0.0012389900
  -0.0002071900    0.0000000000    0.0018186500
   0.0000131300    0.0001362400    0.0015291000
  -0.0002598000    0.0003806600    0.0014920900
   0.0000131300   -0.0001362400    0.0015291000
  -0.0002598000   -0.0003806600    0.0014920900
   0.0001023000   -0.0002405100    0.0010228900
   0.0002770900   -0.0001778900    0.0012509000
   0.0000678000    0.0000000000    0.0013457100
   0.0001313700    0.0000000000    0.0013136900
   0.0001023000    0.0002405100    0.0010228900
   0.0002770900    0.0001778900    0.0012509000
   0.0006610800   -0.0044297000   -0.0040569500
   0.0000471700   -0.0000642100   -0.0013792900
   0.0000591000    0.0000000000   -0.0013377200
   0.0000834200    0.0000000000   -0.0013684800
   0.0006610800    0.0044297000   -0.0040569500
   0.0000471700    0.0000642100   -0.0013792900
   0.0004850100    0.0006947900   -0.0032124600
  -0.0001548000   -0.0000434200   -0.0010025300
  -0.0002268600    0.0000000000   -0.0013005100
  -0.0003167700    0.0000000000   -0.0010414400
   0.0004850100   -0.0006947900   -0.0032124600
  -0.0001548000    0.0000434200   -0.0010025300
  -0.0004322500    0.0001817700    0.0004510600
  -0.0005436700   -0.0001031600   -0.0003526400
  -0.0003858300    0.0000000000    0.0008203900
  -0.0005527100    0.0000000000    0.0008275200
  -0.0004322500   -0.0001817700    0.0004510600
  -0.0005436700    0.0001031600   -0.0003526400
   0.0008417400    0.0000000000    0.0034324200
   0.0000491800    0.0000000000    0.0014167600
   0.0003437000    0.0001956100    0.0017300100
   0.0003528800    0.0000305300    0.0011613700
   0.0003437000   -0.0001956100    0.0017300100
   0.0003528800   -0.0000305300    0.0011613700
   0.0014624300    0.0000000000   -0.0041751400
   0.0008270100    0.0000000000   -0.0008354400
   0.0001007500    0.0006142500   -0.0008268400
   0.0006020200    0.0002164400   -0.0009094700
   0.0001007500   -0.0006142500   -0.0008268400
   0.0006020200   -0.0002164400   -0.0009094700
   0.0016967800    0.0000000000    0.0041748700
   0.0007088200    0.0000000000   -0.0007338000
   0.0015485400   -0.0005216500   -0.0002043500
   0.0008391700    0.0000397200   -0.0007977900
   0.0015485400    0.0005216500   -0.0002043500
   0.0008391700   -0.0000397200   -0.0007977900
  -0.0037910700    0.0000000000   -0.0041976200
   0.0009041900    0.0000000000   -0.0000255000
   0.0012749000    0.0005666300   -0.0000331300
   0.0013748200   -0.0001256400    0.0003904800
   0.0012749000   -0.0005666300   -0.0000331300
   0.0013748200    0.0001256400    0.0003904800
  -0.0015526400    0.0000709300    0.0018311100
  -0.0010573600    0.0000134900    0.0018656400
  -0.0011586400    0.0000000000    0.0013238200
  -0.0011352500    0.0000000000    0.0012555100
  -0.0015526400   -0.0000709300    0.0018311100
  -0.0010573600   -0.0000134900    0.0018656400
  -0.0023985300   -0.0083317500   -0.0126890700
  -0.0012700100    0.0000546700   -0.0010794200
  -0.0011104100    0.0000000000   -0.0010058100
  -0.0011343500    0.0000000000   -0.0009956000
  -0.0023985300    0.0083317500   -0.0126890700
  -0.0012700100   -0.0000546700   -0.0010794200

25   
  0.0100000000000000   0.0000000000000000   0.0000000000000000
  -0.0035720000    0.0000000000   -0.0014272100
  -0.0014195800    0.0000000000   -0.0003042200
  -0.0021969500    0.0000388800   -0.0000801600
  -0.0014590100    0.0000105500   -0.0003218100
  -0.0021969500   -0.0000388800   -0.0000801600
  -0.0014590100   -0.0000105500   -0.0003218100
  -0.0006169600    0.0000000000    0.0002681900
   0.0024014300    0.0000000000    0.0013123900
  -0.0013353300    0.0002251500    0.0002222200
  -0.0015227000   -0.0001832400    0.0004990100
  -0.0013353300   -0.0002251500    0.0002222200
  -0.0015227000    0.0001832400    0.0004990100
   0.0016120700    0.0000870800    0.0003759700
   0.0019568800   -0.0000453700    0.0002104900
   0.0016576800    0.0000000000    0.0004251900
   0.0017711800    0.0000000000    0.0003372900
   0.0016120700   -0.0000870800    0.0003759700
   0.0019568800    0.0000453700    0.0002104900
   0.0008619700   -0.0008614400    0.0002160400
   0.0018820200    0.0000284000   -0.0004288600
   0.0014790700    0.0000000000   -0.0004274200
   0.0018235000    0.0000000000   -0.0004054800
   0.0008619700    0.0008614400    0.0002160400
   0.0018820200   -0.0000284000   -0.0004288600
  -0.2879280100    0.0000000000   -0.2146854200
  -0.0001128100    0.0000000000   -0.0013667600
  -0.0003107400    0.0000959600   -0.0014339700
  -0.0001134200    0.0000105600   -0.0013824900
  -0.0003107400   -0.0000959600   -0.0014339700
  -0.0001134200   -0.0000105600   -0.0013824900
  -0.0000323500    0.0000000000    0.0014638600
  -0.0000319400    0.0000000000    0.0013770300
  -0.0000655000    0.0000355200    0.0014195000
  -0.0000622000   -0.0001206200    0.0013748600
  -0.0000655000   -0.0000355200    0.0014195000
  -0.0000622000    0.0001206200    0.0013748600
   0.0001448900    0.0000439900    0.0013349400
   0.0001577600   -0.0000443100    0.0013059800
   0.0001067400    0.0000000000    0.0013734200
   0.0001417000    0.0000000000    0.0013846800
   0.0001448900   -0.0000439900    0.0013349400
   0.0001577600    0.0000443100    0.0013059800
   0.0000704200   -0.0000185400   -0.0014070700
   0.0001394800    0.0000030600   -0.0013860500
   0.0000792800    0.0000000000   -0.0013723200
   0.0001373700    0.0000000000   -0.0013882300
   0.0000704200    0.0000185400   -0.0014070700
   0.0001394800   -0.0000030600   -0.0013860500
   0.0003115700   -0.0009944700   -0.0011719100
  -0.0004217700   -0.0000966400   -0.0010586000
  -0.0002881400    0.0000000000   -0.0010082300
  -0.0004435500    0.0000000000   -0.0010218400
   0.0003115700    0.0009944700   -0.0011719100
  -0.0004217700    0.0000966400   -0.0010586000
  -0.0004899000   -0.0000148500    0.0009558400
  -0.0006349500    0.0005552800    0.0014254300
  -0.0004376000    0.0000000000    0.0009833200
  -0.0003047600    0.0000000000    0.0010231000
  -0.0004899000    0.0000148500    0.0009558400
  -0.0006349500   -0.0005552800    0.0014254300
   0.0004286300    0.0000000000    0.0014663200
   0.0002661700    0.0000000000    0.0010395400
   0.0005205700    0.0000013700    0.0010673000
   0.0003018400    0.0000086800    0.0010438400
   0.0005205700   -0.0000013700    0.0010673000
   0.0003018400   -0.0000086800    0.0010438400
   0.0003712800    0.0000000000   -0.0011496800
   0.0003041400    0.0000000000   -0.0010032900
   0.0003977500    0.0000962800   -0.0010579600
   0.0003346800   -0.0000122700   -0.0010184900
   0.0003977500   -0.0000962800   -0.0010579600
   0.0003346800    0.0000122700   -0.0010184900
   0.2862994000    0.0000000000    0.2103313400
   0.0009044400    0.0000000000   -0.0008491100
   0.0013206300    0.0002481100   -0.0007216800
   0.0010039600   -0.0000008200   -0.0008714400
   0.0013206300   -0.0002481100   -0.0007216800
   0.0010039600    0.0000008200   -0.0008714400
   0.0013156400    0.0000000000    0.0007404000
   0.0009005900    0.0000000000    0.0008986700
   0.0011613100   -0.0000864500    0.0007446100
   0.0009465400    0.0001495600    0.0009223800
   0.0011613100    0.0000864500    0.0007446100
   0.0009465400   -0.0001495600    0.0009223800
  -0.0013242100   -0.0001216300    0.0010338100
  -0.0013006000   -0.0000254000    0.0009691100
  -0.0011822500    0.0000000000    0.0010021200
  -0.0011214600    0.0000000000    0.0008701500
  -0.0013242100    0.0001216300    0.0010338100
  -0.0013006000    0.0000254000    0.0009691100
  -0.0008781100    0.0001618500   -0.0008652000
  -0.0012957400   -0.0000194300   -0.0009312400
  -0.0010697800    0.0000000000   -0.0009464000
  -0.0012534300    0.0000000000   -0.0009102200
  -0.0008781100   -0.0001618500   -0.0008652000
  -0.0012957400    0.0000194300   -0.0009312400

25   
 -0.0100000000000000   0.0000000000000000   0.0000000000000000
   0.0002185500    0.0000000000    0.0006672400
  -0.0019332300    0.0000000000   -0.0004435200
  -0.0011574500   -0.0000383500   -0.0006623900
  -0.0018928100   -0.0000127800   -0.0004270100
  -0.0011574500    0.0000383500   -0.0006623900
  -0.0018928100    0.0000127800   -0.0004270100
  -0.0027289000    0.0000000000    0.0004740100
  -0.0057817800    0.0000000000   -0.0006019200
  -0.0020117600   -0.0002256000    0.0005228700
  -0.0018294600    0.0001805600    0.0002468400
  -0.0020117600    0.0002256000    0.0005228700
  -0.0018294600   -0.0001805600    0.0002468400
   0.0017399600   -0.0000867100    0.0003773200
   0.0013967700    0.0000460700    0.0005427800
   0.0016960000    0.0000000000    0.0003249900
   0.0015830500    0.0000000000    0.0004124600
   0.0017399600    0.0000867100    0.0003773200
   0.0013967700   -0.0000460700    0.0005427800
   0.0025007300    0.0007795600   -0.0009200600
   0.0014721800   -0.0000254000   -0.0003214500
   0.0018732000    0.0000000000   -0.0003207500
   0.0015305300    0.0000000000   -0.0003432300
   0.0025007300   -0.0007795600   -0.0009200600
   0.0014721800    0.0000254000   -0.0003214500
   0.3010024400    0.0000000000    0.2276492600
  -0.0001169800    0.0000000000   -0.0013969400
   0.0000766800   -0.0000911400   -0.0013280000
  -0.0001190100   -0.0000076200   -0.0013783100
   0.0000766800    0.0000911400   -0.0013280000
  -0.0001190100    0.0000076200   -0.0013783100
  -0.0001983600    0.0000000000    0.0013016600
  -0.0002000700    0.0000000000    0.0013881900
  -0.0001661600   -0.0000321400    0.0013417100
  -0.0001678600    0.0001247000    0.0013839100
  -0.0001661600    0.0000321400    0.0013417100
  -0.0001678600   -0.0001247000    0.0013839100
   0.0000881600   -0.0000482100    0.0014256000
   0.0000698700    0.0000421000    0.0014520100
   0.0001203200    0.0000000000    0.0013880500
   0.0000885200    0.0000000000    0.0013791500
   0.0000881600    0.0000482100    0.0014256000
   0.0000698700   -0.0000421000    0.0014520100
   0.0001608100    0.0000147400   -0.0013518000
   0.0000924000   -0.0000064100   -0.0013740100
   0.0001486400    0.0000000000   -0.0013899200
   0.0000968800    0.0000000000   -0.0013787000
   0.0001608100   -0.0000147400   -0.0013518000
   0.0000924000    0.0000064100   -0.0013740100
  -0.0010699800    0.0009680200   -0.0008737800
  -0.0003334600    0.0001031200   -0.0009805400
  -0.0004567700    0.0000000000   -0.0010316000
  -0.0003023300    0.0000000000   -0.0010176800
  -0.0010699800   -0.0009680200   -0.0008737800
  -0.0003334600   -0.0001031200   -0.0009805400
  -0.0002659300    0.0000203400    0.0010833100
  -0.0001158800   -0.0005548400    0.0006094000
  -0.0003085200    0.0000000000    0.0010564800
  -0.0004397400    0.0000000000    0.0010174900
  -0.0002659300   -0.0000203400    0.0010833100
  -0.0001158800    0.0005548400    0.0006094000
   0.0003280100    0.0000000000    0.0005685000
   0.0004784300    0.0000000000    0.0010012000
   0.0002366200   -0.0000042900    0.0009731600
   0.0004522400   -0.0000136600    0.0009961900
   0.0002366200    0.0000042900    0.0009731600
   0.0004522400    0.0000136600    0.0009961900
   0.0003724100    0.0000000000   -0.0008971200
   0.0004420000    0.0000000000   -0.0010372600
   0.0003562900   -0.0000993700   -0.0009857600
   0.0004199400    0.0000073800   -0.0010214700
   0.0003562900    0.0000993700   -0.0009857600
   0.0004199400   -0.0000073800   -0.0010214700
  -0.2973343800    0.0000000000   -0.2278787900
   0.0013641100    0.0000000000   -0.0009520400
   0.0009473600   -0.0002115100   -0.0010800500
   0.0012666700    0.0000327300   -0.0009332800
   0.0009473600    0.0002115100   -0.0010800500
   0.0012666700   -0.0000327300   -0.0009332800
   0.0009554100    0.0000000000    0.0010581100
   0.0013689400    0.0000000000    0.0009027700
   0.0011097200    0.0001179400    0.0010571400
   0.0013189100   -0.0001184300    0.0008850500
   0.0011097200   -0.0001179400    0.0010571400
   0.0013189100    0.0001184300    0.0008850500
  -0.0009484200    0.0000909000    0.0007739700
  -0.0009767600    0.0000010000    0.0008430800
  -0.0010799500    0.0000000000    0.0008050700
  -0.0011467200    0.0000000000    0.0009341200
  -0.0009484200   -0.0000909000    0.0007739700
  -0.0009767600   -0.0000010000    0.0008430800
  -0.0013873600   -0.0001911800   -0.0009461900
  -0.0009742700   -0.0000121500   -0.0008760900
  -0.0011952300    0.0000000000   -0.0008594000
  -0.0010219400    0.0000000000   -0.0008881700
  -0.0013873600    0.0001911800   -0.0009461900
  -0.0009742700    0.0000121500   -0.0008760900

25   
  0.0000000000000000   0.0100000000000000   0.0000000000000000
  -0.0016799800   -0.0022707600   -0.0003948200
  -0.0016722500   -0.0002327600   -0.0003698800
  -0.0019176200    0.0008091200    0.0002817200
  -0.0016546800    0.0001147500   -0.0003435000
  -0.0014294100    0.0008140500   -0.0010247800
  -0.0016914600    0.0001203700   -0.0003995800
  -0.0016759200   -0.0013935600    0.0003680900
  -0.0016725800    0.0002276800    0.0003720700
  -0.0009484500    0.0007372000   -0.0000088400
  -0.0019476900    0.0001350200    0.0002358700
  -0.0023937800    0.0007414400    0.0007512300
  -0.0014023400    0.0001346100    0.0005079600
   0.0017864800   -0.0002073100    0.0006129100
   0.0015386600   -0.0001073800    0.0005484200
   0.0016748400    0.0003967400    0.0003705700
   0.0016731500    0.0001971700    0.0003717200
   0.0015588500   -0.0002057800    0.0001310400
   0.0018065900   -0.0001058400    0.0001955900
  -0.0005840700    0.0024701300   -0.0048462300
   0.0017776400   -0.0000913000   -0.0004346200
   0.0016721100    0.0005154100   -0.0003716900
   0.0016751300    0.0001840000   -0.0003712700
   0.0039201900    0.0024804400    0.0040576000
   0.0015684200   -0.0000927000   -0.0003077100
  -0.0019003600   -0.0067468400   -0.0026798200
  -0.0001216900   -0.0000504500   -0.0013873300
  -0.0002164300    0.0004211800   -0.0014445700
  -0.0001303400    0.0000324600   -0.0013679900
  -0.0000248900    0.0004162100   -0.0013233400
  -0.0001150400    0.0000299100   -0.0014028900
  -0.0001229800   -0.0001834600    0.0013885400
  -0.0001208100   -0.0001834600    0.0013860300
  -0.0000014700    0.0001158500    0.0014531400
  -0.0001529400    0.0001153500    0.0013810300
  -0.0002456800    0.0001125600    0.0013196100
  -0.0000817700    0.0001130400    0.0013814700
   0.0001707600   -0.0000294600    0.0012436800
   0.0000803700    0.0001703500    0.0014357900
   0.0001141300    0.0000335900    0.0013814600
   0.0001277600    0.0000068100    0.0013917200
   0.0000760900   -0.0000248000    0.0015276800
   0.0001565700    0.0001756200    0.0013292400
   0.0001018500   -0.0000261500   -0.0014022700
   0.0001285700   -0.0000110100   -0.0013669000
   0.0001136200    0.0000613200   -0.0013811600
   0.0001204000    0.0000185600   -0.0013861900
   0.0001376400   -0.0000217100   -0.0013652900
   0.0001224800   -0.0000074200   -0.0014080200
  -0.0018974300   -0.0015625800   -0.0015784400
  -0.0003151200   -0.0000147600   -0.0010151900
  -0.0003743500   -0.0005741600   -0.0010214100
  -0.0003743900   -0.0000721400   -0.0010214100
   0.0011293500   -0.0015773400   -0.0004680700
  -0.0004441700   -0.0000229700   -0.0010264800
  -0.0006115300    0.0000975300    0.0009166100
  -0.0000027700   -0.0001156100    0.0006294400
  -0.0003748900   -0.0001712200    0.0010212600
  -0.0003740600   -0.0002006400    0.0010206900
  -0.0001483900    0.0000914300    0.0011247400
  -0.0007551900   -0.0001270300    0.0014119900
   0.0003766300    0.0004109600    0.0010172600
   0.0003738000    0.0000488900    0.0010204300
   0.0004167500   -0.0001037100    0.0011559500
   0.0003622100   -0.0000166300    0.0010181900
   0.0003387000   -0.0000975000    0.0008867800
   0.0003958000   -0.0000120900    0.0010242100
   0.0003741300    0.0002411300   -0.0010223900
   0.0003746500    0.0000940700   -0.0010215100
   0.0004630900   -0.0001896000   -0.0009885400
   0.0003493400   -0.0000498600   -0.0010322700
   0.0002964900   -0.0001827100   -0.0010508400
   0.0004080100   -0.0000447700   -0.0010100300
   0.0029468600    0.0046941200    0.0004742800
   0.0011448500    0.0000972400   -0.0008935300
   0.0014346800   -0.0006236500   -0.0006223800
   0.0009465600   -0.0000295400   -0.0008353200
   0.0008553500   -0.0006510200   -0.0011708800
   0.0013440300   -0.0000618000   -0.0009546800
   0.0011490600    0.0004698800    0.0008911300
   0.0011437600    0.0002095400    0.0008948800
   0.0009485500   -0.0002724400    0.0004926700
   0.0012241300   -0.0001102600    0.0008445900
   0.0013460200   -0.0003043200    0.0012929500
   0.0010560000   -0.0001431600    0.0009547100
  -0.0014523600    0.0002148700    0.0011127500
  -0.0014423400    0.0005703200    0.0007163700
  -0.0011402300   -0.0004938000    0.0008988800
  -0.0011469600   -0.0001945900    0.0008917900
  -0.0008416800    0.0002446200    0.0006786100
  -0.0008372800    0.0005886100    0.0010827100
  -0.0010823300    0.0002695600   -0.0010461200
  -0.0011495200    0.0000479800   -0.0009106100
  -0.0011385100   -0.0005255300   -0.0008991200
  -0.0011449600   -0.0001283300   -0.0008942900
  -0.0012009900    0.0002951000   -0.0007489300
  -0.0011470000    0.0000791300   -0.0008769200

25   
  0.0000000000000000   0.0000000000000000   0.0100000000000000
  -0.0007173000    0.0000000000    0.0035274500
  -0.0016960500    0.0000000000   -0.0004095400
  -0.0016269100    0.0001857400   -0.0002405200
  -0.0016971500   -0.0000339300   -0.0004028900
  -0.0016269100   -0.0001857400   -0.0002405200
  -0.0016971500    0.0000339300   -0.0004028900
  -0.0019151300    0.0000000000   -0.0000636300
  -0.0036200600    0.0000000000    0.0005162400
  -0.0014630900    0.0000454100    0.0002614600
  -0.0017289200   -0.0000574600    0.0002271200
  -0.0014630900   -0.0000454100    0.0002614600
  -0.0017289200    0.0000574600    0.0002271200
   0.0017445800   -0.0002347400    0.0007207800
   0.0015286700    0.0000314000    0.0005014700
   0.0017038400    0.0000000000    0.0004145500
   0.0016775400    0.0000000000    0.0004286300
   0.0017445800    0.0002347400    0.0007207800
   0.0015286700   -0.0000314000    0.0005014700
   0.0035681800   -0.0033756600    0.0023199600
   0.0016682100   -0.0000578800   -0.0003679600
   0.0016713100    0.0000000000   -0.0004186800
   0.0017015800    0.0000000000   -0.0003901600
   0.0035681800    0.0033756600    0.0023199600
   0.0016682100    0.0000578800   -0.0003679600
  -0.2159137200    0.0000000000   -0.1843999500
  -0.0000991500    0.0000000000   -0.0013878500
  -0.0001606100    0.0000573000   -0.0014006100
  -0.0001066500   -0.0000172900   -0.0013640700
  -0.0001606100   -0.0000573000   -0.0014006100
  -0.0001066500    0.0000172900   -0.0013640700
  -0.0000994100    0.0000000000    0.0013524900
  -0.0001883200    0.0000000000    0.0013547900
  -0.0000980400   -0.0000026200    0.0013841200
  -0.0001519300    0.0000649900    0.0013940500
  -0.0000980400    0.0000026200    0.0013841200
  -0.0001519300   -0.0000649900    0.0013940500
   0.0000557400   -0.0001409300    0.0013183300
   0.0000435700    0.0000505300    0.0014242500
   0.0001078100    0.0000000000    0.0013741500
   0.0000985600    0.0000000000    0.0013696700
   0.0000557400    0.0001409300    0.0013183300
   0.0000435700   -0.0000505300    0.0014242500
   0.0001374900    0.0000205200   -0.0013242200
   0.0001052200   -0.0000182200   -0.0013622500
   0.0001107200    0.0000000000   -0.0013829900
   0.0001097200    0.0000000000   -0.0013756600
   0.0001374900   -0.0000205200   -0.0013242200
   0.0001052200    0.0000182200   -0.0013622500
  -0.0006629100   -0.0004333600   -0.0000086900
  -0.0004703600    0.0001864600   -0.0009393000
  -0.0003748800    0.0000000000   -0.0010008700
  -0.0003618800    0.0000000000   -0.0010151100
  -0.0006629100    0.0004333600   -0.0000086900
  -0.0004703600   -0.0001864600   -0.0009393000
  -0.0004106300    0.0000149000    0.0010064600
  -0.0000524600   -0.0002843600    0.0009623900
  -0.0003898400    0.0000000000    0.0010023800
  -0.0003538900    0.0000000000    0.0010187200
  -0.0004106300   -0.0000149000    0.0010064600
  -0.0000524600    0.0002843600    0.0009623900
   0.0010963400    0.0000000000    0.0000891200
   0.0003903800    0.0000000000    0.0009373400
   0.0003767900    0.0000761900    0.0010606500
   0.0003809100    0.0000173400    0.0010045800
   0.0003767900   -0.0000761900    0.0010606500
   0.0003809100   -0.0000173400    0.0010045800
   0.0003585900    0.0000000000   -0.0009686700
   0.0004490900    0.0000000000   -0.0010733700
   0.0003301300    0.0000742800   -0.0011770800
   0.0003763100    0.0000166500   -0.0010261600
   0.0003301300   -0.0000742800   -0.0011770800
   0.0003763100   -0.0000166500   -0.0010261600
   0.2149031000    0.0000000000    0.1726698500
   0.0011254100    0.0000000000   -0.0009007800
   0.0012050300    0.0001064700   -0.0007788400
   0.0010510800    0.0000613800   -0.0009026200
   0.0012050300   -0.0001064700   -0.0007788400
   0.0010510800   -0.0000613800   -0.0009026200
   0.0007865200    0.0000000000    0.0006298400
   0.0012661000    0.0000000000    0.0009315300
   0.0010372200    0.0000763100    0.0008414200
   0.0012120100   -0.0000493600    0.0008684800
   0.0010372200   -0.0000763100    0.0008414200
   0.0012120100    0.0000493600    0.0008684800
  -0.0010957900    0.0001442300    0.0010781000
  -0.0013521600    0.0000352100    0.0006629500
  -0.0011443900    0.0000000000    0.0009707800
  -0.0011179000    0.0000000000    0.0009296500
  -0.0010957900   -0.0001442300    0.0010781000
  -0.0013521600   -0.0000352100    0.0006629500
  -0.0013227600   -0.0003378200   -0.0012458900
  -0.0010738900    0.0000105700   -0.0009230400
  -0.0011515000    0.0000000000   -0.0009608700
  -0.0011069100    0.0000000000   -0.0009138500
  -0.0013227600    0.0003378200   -0.0012458900
  -0.0010738900   -0.0000105700   -0.0009230400

25   
  0.0000000000000000   0.0000000000000000  -0.0100000000000000
  -0.0026414400    0.0000000000   -0.0042591300
  -0.0016601700    0.0000000000   -0.0003430300
  -0.0017294000   -0.0001898000   -0.0005151100
  -0.0016576000    0.0000322100   -0.0003499200
  -0.0017294000    0.0001898000   -0.0005151100
  -0.0016576000   -0.0000322100   -0.0003499200
  -0.0014460400    0.0000000000    0.0008223800
   0.0003369900    0.0000000000    0.0002297800
  -0.0018941600   -0.0000467400    0.0004928600
  -0.0016262100    0.0000530100    0.0005270400
  -0.0018941600    0.0000467400    0.0004928600
  -0.0016262100   -0.0000530100    0.0005270400
   0.0016120600    0.0002419700    0.0000263800
   0.0018283800   -0.0000285600    0.0002488300
   0.0016518500    0.0000000000    0.0003353500
   0.0016779400    0.0000000000    0.0003218700
   0.0016120600   -0.0002419700    0.0000263800
   0.0018283800    0.0000285600    0.0002488300
  -0.0002454900    0.0034318300   -0.0030668700
   0.0016893300    0.0000604300   -0.0003853600
   0.0016854100    0.0000000000   -0.0003314100
   0.0016542000    0.0000000000   -0.0003609900
  -0.0002454900   -0.0034318300   -0.0030668700
   0.0016893300   -0.0000604300   -0.0003853600
   0.2261841300    0.0000000000    0.1840011500
  -0.0001289700    0.0000000000   -0.0013748700
  -0.0000620900   -0.0000556300   -0.0013530100
  -0.0001125700    0.0000203700   -0.0013868800
  -0.0000620900    0.0000556300   -0.0013530100
  -0.0001125700   -0.0000203700   -0.0013868800
  -0.0001191000    0.0000000000    0.0014025500
  -0.0000337400    0.0000000000    0.0014028400
  -0.0001174700    0.0000054100    0.0013630100
  -0.0000769800   -0.0000628900    0.0013642000
  -0.0001174700   -0.0000054100    0.0013630100
  -0.0000769800    0.0000628900    0.0013642000
   0.0001611600    0.0001400700    0.0014309100
   0.0001858400   -0.0000533200    0.0013330100
   0.0001204800    0.0000000000    0.0013884700
   0.0001103000    0.0000000000    0.0013780900
   0.0001611600   -0.0001400700    0.0014309100
   0.0001858400    0.0000533200    0.0013330100
   0.0000864900   -0.0000233700   -0.0014317800
   0.0001081700    0.0000154100   -0.0013841200
   0.0001224900    0.0000000000   -0.0013836900
   0.0001109500    0.0000000000   -0.0013812300
   0.0000864900    0.0000233700   -0.0014317800
   0.0001081700   -0.0000154100   -0.0013841200
  -0.0000911500    0.0004358200   -0.0020265700
  -0.0002840800   -0.0001816400   -0.0011011300
  -0.0003701300    0.0000000000   -0.0010399200
  -0.0003832500    0.0000000000   -0.0010251000
  -0.0000911500   -0.0004358200   -0.0020265700
  -0.0002840800    0.0001816400   -0.0011011300
  -0.0003429400   -0.0000095400    0.0010340200
  -0.0007037000    0.0002937400    0.0010823900
  -0.0003550300    0.0000000000    0.0010377600
  -0.0003911100    0.0000000000    0.0010212000
  -0.0003429400    0.0000095400    0.0010340200
  -0.0007037000   -0.0002937400    0.0010823900
  -0.0003683800    0.0000000000    0.0019652600
   0.0003533700    0.0000000000    0.0011022700
   0.0003767800   -0.0000835100    0.0009794100
   0.0003725500   -0.0000227300    0.0010351200
   0.0003767800    0.0000835100    0.0009794100
   0.0003725500    0.0000227300    0.0010351200
   0.0003898000    0.0000000000   -0.0010695800
   0.0002934400    0.0000000000   -0.0009659000
   0.0004253700   -0.0000812400   -0.0008600700
   0.0003772000   -0.0000224600   -0.0010137100
   0.0004253700    0.0000812400   -0.0008600700
   0.0003772000    0.0000224600   -0.0010137100
  -0.2231379700    0.0000000000   -0.1768918300
   0.0011373900    0.0000000000   -0.0009061700
   0.0010465600   -0.0000766000   -0.0010442200
   0.0012000800   -0.0000296100   -0.0009168500
   0.0010465600    0.0000766000   -0.0010442200
   0.0012000800    0.0000296100   -0.0009168500
   0.0014655700    0.0000000000    0.0011887900
   0.0009873800    0.0000000000    0.0008816800
   0.0012099300   -0.0000448000    0.0009839600
   0.0010466100    0.0000823000    0.0009436300
   0.0012099300    0.0000448000    0.0009839600
   0.0010466100   -0.0000823000    0.0009436300
  -0.0011511300   -0.0001781300    0.0007418200
  -0.0009091000   -0.0000605800    0.0011480300
  -0.0011128800    0.0000000000    0.0008368900
  -0.0011198300    0.0000000000    0.0008940300
  -0.0011511300    0.0001781300    0.0007418200
  -0.0009091000    0.0000605800    0.0011480300
  -0.0009291300    0.0003044500   -0.0005661800
  -0.0011705200   -0.0000426700   -0.0009011600
  -0.0011129100    0.0000000000   -0.0008413100
  -0.0011462800    0.0000000000   -0.0008994800
  -0.0009291300   -0.0003044500   -0.0005661800
  -0.0011705200    0.0000426700   -0.0009011600

49   
  0.0100000000000000   0.0000000000000000   0.0000000000000000
   0.0011968300    0.0001793800   -0.0011903100
  -0.0026631700    0.0003415100   -0.0005924300
   0.0011968300   -0.0001793800   -0.0011903100
  -0.0026631700   -0.0003415100   -0.0005924300
  -0.0012526800    0.0000000000   -0.0005162100
  -0.0021805900    0.0000000000   -0.0004267700
   0.0014237500   -0.0008506800    0.0001804200
  -0.0030991900   -0.0005075900    0.0003150600
   0.0014237500    0.0008506800    0.0001804200
  -0.0030991900    0.0005075900    0.0003150600
  -0.0012699500    0.0000000000    0.0001913600
  -0.0020239400    0.0000000000    0.0003577400
   0.0026125400    0.0000000000   -0.0001040400
   0.0007028300    0.0000000000    0.0006932300
   0.0022983700   -0.0002549400    0.0004025700
   0.0011425800    0.0001458200    0.0003940300
   0.0022983700    0.0002549400    0.0004025700
   0.0011425800   -0.0001458200    0.0003940300
   0.0040560900    0.0000000000    0.0007404300
   0.0003750100    0.0000000000    0.0000844500
   0.0022122400    0.0007712300   -0.0006467500
   0.0010129000   -0.0003291500   -0.0001448200
   0.0022122400   -0.0007712300   -0.0006467500
   0.0010129000    0.0003291500   -0.0001448200
   0.0005578300   -0.0015191100   -0.0016762500
  -0.0001681800    0.0000664200   -0.0014821400
   0.0005578300    0.0015191100   -0.0016762500
  -0.0001681800   -0.0000664200   -0.0014821400
  -0.0000391300    0.0000000000   -0.0013859600
  -0.0001961600    0.0000000000   -0.0013744200
  -0.0003835900    0.0003778900    0.0010642000
  -0.0002358800   -0.0002293700    0.0014227700
  -0.0003835900   -0.0003778900    0.0010642000
  -0.0002358800    0.0002293700    0.0014227700
  -0.0000586700    0.0000000000    0.0013674900
  -0.0001852100    0.0000000000    0.0013988400
   0.0001746500    0.0000000000    0.0021162000
   0.0000162500    0.0000000000    0.0014017400
   0.0002634600    0.0000412300    0.0013866600
   0.0000487400   -0.0000152900    0.0013935900
   0.0002634600   -0.0000412300    0.0013866600
   0.0000487400    0.0000152900    0.0013935900
   0.0001217500    0.0000000000   -0.0013683700
   0.0000552900    0.0000000000   -0.0014626100
   0.0001416800    0.0000849600   -0.0013393000
   0.0000829600   -0.0000278400   -0.0013900500
   0.0001416800   -0.0000849600   -0.0013393000
   0.0000829600    0.0000278400   -0.0013900500
  -0.0225248400    0.0000000000    0.0010913500
   0.0002478700    0.0000000000   -0.0010139500
  -0.0010586900   -0.0000622800   -0.0008984000
  -0.0000497400    0.0000117100   -0.0010382000
  -0.0010586900    0.0000622800   -0.0008984000
  -0.0000497400   -0.0000117100   -0.0010382000
   0.0017686600    0.0000000000    0.0022373200
   0.0017331800    0.0000000000   -0.0000662400
  -0.0002578800    0.0003213700    0.0012722900
  -0.0002563500   -0.0002491600    0.0009863100
  -0.0002578800   -0.0003213700    0.0012722900
  -0.0002563500    0.0002491600    0.0009863100
  -0.0003135100   -0.0001392200    0.0007075700
   0.0007738300    0.0000200900    0.0009763300
  -0.0003135100    0.0001392200    0.0007075700
   0.0007738300   -0.0000200900    0.0009763300
   0.0000031300    0.0000000000    0.0010031000
   0.0006363100    0.0000000000    0.0009879600
   0.0005598000    0.0003196300   -0.0009381700
   0.0004414100   -0.0001245500   -0.0010699200
   0.0005598000   -0.0003196300   -0.0009381700
   0.0004414100    0.0001245500   -0.0010699200
   0.0004481100    0.0000000000   -0.0009771700
   0.0004076800    0.0000000000   -0.0010742200
   0.0029815900    0.0033098400    0.0009857600
   0.0024989600   -0.0001621900   -0.0011392300
   0.0029815900   -0.0033098400    0.0009857600
   0.0024989600    0.0001621900   -0.0011392300
   0.0010471900    0.0000000000   -0.0010019200
   0.0013268300    0.0000000000   -0.0008731600
   0.0004489200   -0.0008067800    0.0017795200
   0.0017823800    0.0002457400    0.0008567800
   0.0004489200    0.0008067800    0.0017795200
   0.0017823800   -0.0002457400    0.0008567800
   0.0007417900    0.0000000000    0.0008536200
   0.0014807700    0.0000000000    0.0009434600
   0.0013358000    0.0000000000   -0.0015529200
  -0.0003320600    0.0000000000    0.0008613600
  -0.0012170500    0.0011743800    0.0001265300
  -0.0008995900   -0.0003112300    0.0009609100
  -0.0012170500   -0.0011743800    0.0001265300
  -0.0008995900    0.0003112300    0.0009609100
  -0.0020163600    0.0000000000   -0.0015475000
  -0.0004613300    0.0000000000   -0.0006364600
  -0.0018429100   -0.0009212900   -0.0013581400
  -0.0007978800    0.0000528400   -0.0007810700
  -0.0018429100    0.0009212900   -0.0013581400
  -0.0007978800   -0.0000528400   -0.0007810700

49   
 -0.0100000000000000   0.0000000000000000   0.0000000000000000
  -0.0045452000   -0.0002013600    0.0004805200
  -0.0006837800   -0.0003342100   -0.0001466500
  -0.0045452000    0.0002013600    0.0004805200
  -0.0006837800    0.0003342100   -0.0001466500
  -0.0020902700    0.0000000000   -0.0002258300
  -0.0011637000    0.0000000000   -0.0003138600
  -0.0046411800    0.0007462400    0.0005166200
  -0.0002497200    0.0005129400    0.0004253200
  -0.0046411800   -0.0007462400    0.0005166200
  -0.0002497200   -0.0005129400    0.0004253200
  -0.0020673400    0.0000000000    0.0005492100
  -0.0013221500    0.0000000000    0.0003838000
   0.0007387400    0.0000000000    0.0008484500
   0.0026361100    0.0000000000    0.0000472800
   0.0010502100    0.0002620000    0.0003371500
   0.0021984600   -0.0001434600    0.0003466200
   0.0010502100   -0.0002620000    0.0003371500
   0.0021984600    0.0001434600    0.0003466200
  -0.0007647500    0.0000000000   -0.0015757600
   0.0029620700    0.0000000000   -0.0008226200
   0.0011298100   -0.0007654100   -0.0000961600
   0.0023298800    0.0003334500   -0.0005928800
   0.0011298100    0.0007654100   -0.0000961600
   0.0023298800   -0.0003334500   -0.0005928800
  -0.0008205800    0.0014986000   -0.0011012300
  -0.0000821200   -0.0000716600   -0.0012971500
  -0.0008205800   -0.0014986000   -0.0011012300
  -0.0000821200    0.0000716600   -0.0012971500
  -0.0002031900    0.0000000000   -0.0013771000
  -0.0000593500    0.0000000000   -0.0013987100
   0.0001318200   -0.0003839700    0.0017174700
  -0.0000084300    0.0002246100    0.0013516100
   0.0001318200    0.0003839700    0.0017174700
  -0.0000084300   -0.0002246100    0.0013516100
  -0.0001967600    0.0000000000    0.0014064500
  -0.0000526800    0.0000000000    0.0013607000
   0.0000806300    0.0000000000    0.0006565100
   0.0002312900    0.0000000000    0.0013665200
  -0.0000231900   -0.0000462300    0.0013843400
   0.0002021400    0.0000090200    0.0013870900
  -0.0000231900    0.0000462300    0.0013843400
   0.0002021400   -0.0000090200    0.0013870900
   0.0001184100    0.0000000000   -0.0013958100
   0.0001974400    0.0000000000   -0.0013099200
   0.0000975400   -0.0000910000   -0.0014320600
   0.0001720300    0.0000215400   -0.0013933300
   0.0000975400    0.0000910000   -0.0014320600
   0.0001720300   -0.0000215400   -0.0013933300
   0.0216262700    0.0000000000   -0.0029666700
  -0.0010115900    0.0000000000   -0.0010264500
   0.0003100300    0.0000668700   -0.0011409900
  -0.0006962400   -0.0000001200   -0.0010018500
   0.0003100300   -0.0000668700   -0.0011409900
  -0.0006962400    0.0000001200   -0.0010018500
  -0.0024978400    0.0000000000   -0.0001792600
  -0.0025331800    0.0000000000    0.0021264700
  -0.0004902700   -0.0003093100    0.0007698500
  -0.0004884200    0.0002598900    0.0010540600
  -0.0004902700    0.0003093100    0.0007698500
  -0.0004884200   -0.0002598900    0.0010540600
   0.0010560400    0.0001524800    0.0013354000
  -0.0000266000   -0.0000096700    0.0010642400
   0.0010560400   -0.0001524800    0.0013354000
  -0.0000266000    0.0000096700    0.0010642400
   0.0007597800    0.0000000000    0.0010364900
   0.0001291200    0.0000000000    0.0010524400
   0.0001880300   -0.0003091900   -0.0011037300
   0.0003037300    0.0001347700   -0.0009712000
   0.0001880300    0.0003091900   -0.0011037300
   0.0003037300   -0.0001347700   -0.0009712000
   0.0003167600    0.0000000000   -0.0010635400
   0.0003559600    0.0000000000   -0.0009666000
  -0.0007047100   -0.0033996900   -0.0027956400
  -0.0001997900    0.0000990400   -0.0006469400
  -0.0007047100    0.0033996900   -0.0027956400
  -0.0001997900   -0.0000990400   -0.0006469400
   0.0012331400    0.0000000000   -0.0008004200
   0.0009705500    0.0000000000   -0.0009164400
   0.0018451300    0.0007449600   -0.0000012200
   0.0005038600   -0.0003116400    0.0009352900
   0.0018451300   -0.0007449600   -0.0000012200
   0.0005038600    0.0003116400    0.0009352900
   0.0015581200    0.0000000000    0.0009330700
   0.0007953300    0.0000000000    0.0008622100
  -0.0036032400    0.0000000000    0.0033252700
  -0.0019496600    0.0000000000    0.0009367100
  -0.0010677000   -0.0012279000    0.0016612600
  -0.0013969700    0.0002479100    0.0008220400
  -0.0010677000    0.0012279000    0.0016612600
  -0.0013969700   -0.0002479100    0.0008220400
  -0.0002610000    0.0000000000   -0.0002636500
  -0.0018294900    0.0000000000   -0.0011560500
  -0.0004403400    0.0008564500   -0.0004371400
  -0.0015052200   -0.0001160700   -0.0009971800
  -0.0004403400   -0.0008564500   -0.0004371400
  -0.0015052200    0.0001160700   -0.0009971800

49   
  0.0000000000000000   0.0100000000000000   0.0000000000000000
  -0.0008057900    0.0022963400   -0.0009713400
  -0.0015624400    0.0002041800   -0.0003244500
  -0.0025904700    0.0023708200    0.0003210500
  -0.0017844100    0.0002024600   -0.0004168900
  -0.0016712100   -0.0017836200   -0.0003765600
  -0.0016742100   -0.0004016600   -0.0003723800
  -0.0022391400    0.0029889300    0.0002505600
  -0.0027082700    0.0003562100    0.0005494500
  -0.0010012900    0.0030729700    0.0004570700
  -0.0006402600    0.0003555500    0.0001920900
  -0.0016756300   -0.0015671300    0.0003744500
  -0.0016724200   -0.0006546000    0.0003732600
   0.0016739500    0.0017778700    0.0003741100
   0.0016707000    0.0003942300    0.0003738200
   0.0012600400   -0.0008638400    0.0001718600
   0.0018349000   -0.0001973700    0.0003380200
   0.0020874200   -0.0008711300    0.0005689400
   0.0015121400   -0.0002015300    0.0004064100
   0.0016680100    0.0032086300   -0.0003737400
   0.0016729800    0.0008251900   -0.0003715200
   0.0020169100   -0.0012825800    0.0002477200
   0.0013105700   -0.0004265900   -0.0001519200
   0.0013320700   -0.0012898000   -0.0009885300
   0.0020364600   -0.0004332200   -0.0005886100
  -0.0010958500   -0.0015767700   -0.0018150300
  -0.0002233400   -0.0000188900   -0.0012052800
   0.0008609100   -0.0015572600   -0.0009499800
  -0.0000196500   -0.0000128700   -0.0015703200
  -0.0001168400   -0.0005795300   -0.0013788500
  -0.0001259200   -0.0000774700   -0.0013853700
   0.0004304300   -0.0001227400    0.0016777800
  -0.0001359900    0.0000935000    0.0013722600
  -0.0006819200   -0.0001143300    0.0011016200
  -0.0001040300    0.0001012300    0.0013990400
  -0.0001237200   -0.0002058900    0.0013830200
  -0.0001111800   -0.0001763900    0.0013741600
   0.0001293100    0.0004053800    0.0013834200
   0.0001251300    0.0000433000    0.0013848000
   0.0001152000   -0.0001002200    0.0014606400
   0.0001418100   -0.0000142200    0.0014141300
   0.0001153700   -0.0000950100    0.0013050900
   0.0000985100   -0.0000083200    0.0013582100
   0.0001174600    0.0002358900   -0.0013807500
   0.0001255300    0.0000886100   -0.0013848500
   0.0002087700   -0.0001867200   -0.0014570000
   0.0001108200   -0.0000472900   -0.0014062000
   0.0000219900   -0.0001800100   -0.0013084000
   0.0001383700   -0.0000413500   -0.0013727500
  -0.0004037000   -0.0167779100   -0.0010618500
  -0.0003832800   -0.0003132000   -0.0010208700
  -0.0003089700    0.0024314100   -0.0010289500
  -0.0003803700    0.0001392200   -0.0009851000
  -0.0004383500    0.0023965000   -0.0010136500
  -0.0003685300    0.0001284600   -0.0010571100
  -0.0003887500   -0.0008181700    0.0010192200
  -0.0003782500   -0.0008181300    0.0010182400
  -0.0001194900    0.0003657000    0.0012068400
  -0.0006903600    0.0003657600    0.0010446700
  -0.0006285300    0.0003559000    0.0008370400
  -0.0000596600    0.0003559000    0.0009978500
   0.0002284700    0.0000591500    0.0019476200
   0.0003892600   -0.0000809800    0.0010829100
   0.0005199200    0.0000437700    0.0000925900
   0.0003593600   -0.0000932800    0.0009595400
   0.0003834500    0.0006119100    0.0010201700
   0.0003832800    0.0001761900    0.0010211900
   0.0006881300   -0.0002305100   -0.0013212800
   0.0002445900   -0.0001293700   -0.0010189800
   0.0000592100   -0.0002456700   -0.0007174900
   0.0005035600   -0.0001421200   -0.0010239100
   0.0003828000    0.0003798000   -0.0010209900
   0.0003834700    0.0002726300   -0.0010212300
   0.0043561800    0.0018804400    0.0012005300
  -0.0002081700   -0.0003209900   -0.0006442800
  -0.0021053400    0.0019475600   -0.0030150400
   0.0025105000   -0.0002611800   -0.0011406500
   0.0011399200    0.0010224900   -0.0009017100
   0.0011516500    0.0003678900   -0.0008934100
   0.0000655400    0.0001845600   -0.0008544200
   0.0011807500   -0.0001865500    0.0008916500
   0.0022397500    0.0002426300    0.0026362400
   0.0011079400   -0.0001252200    0.0008968600
   0.0011486100    0.0008275200    0.0008972200
   0.0011343900    0.0002930300    0.0009059500
  -0.0011628300   -0.0019508200    0.0008984800
  -0.0011470900   -0.0005936800    0.0008928500
  -0.0009297600    0.0011560000    0.0003321800
  -0.0014761000    0.0002973100    0.0008942900
  -0.0013523500    0.0012204600    0.0014603900
  -0.0008138200    0.0003619400    0.0008955800
  -0.0011381500   -0.0019721100   -0.0009035400
  -0.0011504000   -0.0002050100   -0.0008941400
  -0.0008409200    0.0015892400   -0.0004739100
  -0.0011226400    0.0000704200   -0.0008938100
  -0.0014384800    0.0016521900   -0.0013199600
  -0.0011782000    0.0001360000   -0.0008860800

49   
  0.0000000000000000   0.0000000000000000   0.0100000000000000
  -0.0029112100   -0.0000898200    0.0018224100
  -0.0017347100    0.0001535000   -0.0003864300
  -0.0029112100    0.0000898200    0.0018224100
  -0.0017347100   -0.0001535000   -0.0003864300
  -0.0016629300    0.0000000000   -0.0000895400
  -0.0016402200    0.0000000000   -0.0003491000
  -0.0019767700    0.0001404900    0.0017405400
  -0.0020747400   -0.0000977200    0.0009362300
  -0.0019767700   -0.0001404900    0.0017405400
  -0.0020747400    0.0000977200    0.0009362300
  -0.0017715200    0.0000000000    0.0005633600
  -0.0016634700    0.0000000000    0.0005707800
   0.0006584300    0.0000000000   -0.0020485900
   0.0018132000    0.0000000000   -0.0000234500
   0.0013251000   -0.0002000600   -0.0003384000
   0.0017335500   -0.0000000500    0.0002291200
   0.0013251000    0.0002000600   -0.0003384000
   0.0017335500    0.0000000500    0.0002291200
   0.0020441200    0.0000000000    0.0027951900
   0.0023133000    0.0000000000   -0.0005550800
   0.0014881800    0.0007009200   -0.0005647200
   0.0018287700    0.0001506100   -0.0004806200
   0.0014881800   -0.0007009200   -0.0005647200
   0.0018287700   -0.0001506100   -0.0004806200
  -0.0002741000   -0.0005647000   -0.0003806400
  -0.0001625800    0.0000023100   -0.0013073500
  -0.0002741000    0.0005647000   -0.0003806400
  -0.0001625800   -0.0000023100   -0.0013073500
  -0.0001090700    0.0000000000   -0.0013620600
  -0.0001287900    0.0000000000   -0.0013809500
  -0.0005332900    0.0003881700    0.0013307200
  -0.0000577200    0.0001008400    0.0013730000
  -0.0005332900   -0.0003881700    0.0013307200
  -0.0000577200   -0.0001008400    0.0013730000
  -0.0001285100    0.0000000000    0.0013842300
  -0.0000810400    0.0000000000    0.0013611100
   0.0005728900    0.0000000000    0.0004476100
   0.0001425000    0.0000000000    0.0013010500
   0.0001658400    0.0001307500    0.0014255600
   0.0001487700   -0.0000063100    0.0013744200
   0.0001658400   -0.0001307500    0.0014255600
   0.0001487700    0.0000063100    0.0013744200
   0.0002473800    0.0000000000   -0.0013272000
   0.0001076900    0.0000000000   -0.0014378400
   0.0001560200   -0.0000351000   -0.0015448400
   0.0001242200    0.0000079000   -0.0013963200
   0.0001560200    0.0000351000   -0.0015448400
   0.0001242200   -0.0000079000   -0.0013963200
   0.0017684800    0.0000000000   -0.0196273000
  -0.0003766900    0.0000000000   -0.0012430100
  -0.0002511500    0.0000099300   -0.0014952100
  -0.0003917300   -0.0000306400   -0.0010851200
  -0.0002511500   -0.0000099300   -0.0014952100
  -0.0003917300    0.0000306400   -0.0010851200
   0.0007142000    0.0000000000    0.0010149000
  -0.0015915700    0.0000000000    0.0010161600
  -0.0003396000    0.0000285200    0.0008472600
  -0.0006247200    0.0001909400    0.0008470800
  -0.0003396000   -0.0000285200    0.0008472600
  -0.0006247200   -0.0001909400    0.0008470800
   0.0000610100    0.0009272900    0.0023235800
   0.0003286400    0.0000669700    0.0011132900
   0.0000610100   -0.0009272900    0.0023235800
   0.0003286400   -0.0000669700    0.0011132900
   0.0003656500    0.0000000000    0.0011613700
   0.0003500400    0.0000000000    0.0010517300
   0.0002892300    0.0003056500   -0.0002184700
   0.0004230000    0.0000030700   -0.0007819100
   0.0002892300   -0.0003056500   -0.0002184700
   0.0004230000   -0.0000030700   -0.0007819100
   0.0003386100    0.0000000000   -0.0008735600
   0.0004361200    0.0000000000   -0.0009537000
   0.0028456900    0.0019370200   -0.0013711900
   0.0006306800    0.0000017500   -0.0008947500
   0.0028456900   -0.0019370200   -0.0013711900
   0.0006306800   -0.0000017500   -0.0008947500
   0.0011536300    0.0000000000   -0.0010811400
   0.0011244500    0.0000000000   -0.0009501500
   0.0023259400   -0.0014840200    0.0026305300
   0.0010445300   -0.0001499300    0.0009963300
   0.0023259400    0.0014840200    0.0026305300
   0.0010445300    0.0001499300    0.0009963300
   0.0013320300    0.0000000000    0.0008569000
   0.0010582800    0.0000000000    0.0009412700
  -0.0037741600    0.0000000000    0.0022482200
  -0.0001280100    0.0000000000    0.0004428200
  -0.0012198300   -0.0003849600    0.0009932500
  -0.0010145300   -0.0001294500    0.0009057200
  -0.0012198300    0.0003849600    0.0009932500
  -0.0010145300    0.0001294500    0.0009057200
  -0.0015812900    0.0000000000    0.0013061300
  -0.0011066400    0.0000000000   -0.0007853300
  -0.0005755600    0.0012982500    0.0000156000
  -0.0011754900   -0.0000092500   -0.0008460500
  -0.0005755600   -0.0012982500    0.0000156000
  -0.0011754900    0.0000092500   -0.0008460500

49   
  0.0000000000000000   0.0000000000000000  -0.0100000000000000
  -0.0004994800    0.0000051700   -0.0024654600
  -0.0016079300   -0.0001504300   -0.0003506800
  -0.0004994800   -0.0000051700   -0.0024654600
  -0.0016079300    0.0001504300   -0.0003506800
  -0.0016810400    0.0000000000   -0.0006499600
  -0.0017024000    0.0000000000   -0.0003914800
  -0.0013580100   -0.0001457500   -0.0010035700
  -0.0012730400    0.0001034300   -0.0001975600
  -0.0013580100    0.0001457500   -0.0010035700
  -0.0012730400   -0.0001034300   -0.0001975600
  -0.0015699300    0.0000000000    0.0001798300
  -0.0016807100    0.0000000000    0.0001718100
   0.0026745500    0.0000000000    0.0027869600
   0.0015318300    0.0000000000    0.0007688300
   0.0020171000    0.0002022400    0.0010787100
   0.0016130900    0.0000020500    0.0005124800
   0.0020171000   -0.0002022400    0.0010787100
   0.0016130900   -0.0000020500    0.0005124800
   0.0011689500    0.0000000000   -0.0037284500
   0.0010303900    0.0000000000   -0.0001880600
   0.0018565500   -0.0006971300   -0.0001819100
   0.0015196900   -0.0001435400   -0.0002603500
   0.0018565500    0.0006971300   -0.0001819100
   0.0015196900    0.0001435400   -0.0002603500
   0.0000245800    0.0005456600   -0.0023974300
  -0.0000876700   -0.0000087400   -0.0014712300
   0.0000245800   -0.0005456600   -0.0023974300
  -0.0000876700    0.0000087400   -0.0014712300
  -0.0001312700    0.0000000000   -0.0013993600
  -0.0001266700    0.0000000000   -0.0013925000
   0.0002792100   -0.0003940500    0.0014536000
  -0.0001854400   -0.0001071400    0.0014012200
   0.0002792100    0.0003940500    0.0014536000
  -0.0001854400    0.0001071400    0.0014012200
  -0.0001266900    0.0000000000    0.0013895400
  -0.0001529000    0.0000000000    0.0013958900
  -0.0003223700    0.0000000000    0.0023254400
   0.0001074400    0.0000000000    0.0014677500
   0.0000702800   -0.0001381400    0.0013432200
   0.0001051800   -0.0000001400    0.0014077200
   0.0000702800    0.0001381400    0.0013432200
   0.0001051800    0.0000001400    0.0014077200
  -0.0000024200    0.0000000000   -0.0014304400
   0.0001444800    0.0000000000   -0.0013328200
   0.0000809200    0.0000272200   -0.0012254900
   0.0001298500   -0.0000142400   -0.0013861800
   0.0000809200   -0.0000272200   -0.0012254900
   0.0001298500    0.0000142400   -0.0013861800
  -0.0022890500    0.0000000000    0.0175486200
  -0.0003893100    0.0000000000   -0.0007965700
  -0.0004936300   -0.0000052400   -0.0005461000
  -0.0003553400    0.0000415900   -0.0009546800
  -0.0004936300    0.0000052400   -0.0005461000
  -0.0003553400   -0.0000415900   -0.0009546800
  -0.0014784500    0.0000000000    0.0010201600
   0.0008246300    0.0000000000    0.0010211600
  -0.0004075800   -0.0000183800    0.0011914800
  -0.0001222000   -0.0001787800    0.0011912000
  -0.0004075800    0.0000183800    0.0011914800
  -0.0001222000    0.0001787800    0.0011912000
   0.0006888100   -0.0009278700   -0.0002942900
   0.0004164900   -0.0000564800    0.0009276200
   0.0006888100    0.0009278700   -0.0002942900
   0.0004164900    0.0000564800    0.0009276200
   0.0003988400    0.0000000000    0.0008800400
   0.0004141100    0.0000000000    0.0009888300
   0.0004548800   -0.0002981600   -0.0018226000
   0.0003242500    0.0000080100   -0.0012580900
   0.0004548800    0.0002981600   -0.0018226000
   0.0003242500   -0.0000080100   -0.0012580900
   0.0004253400    0.0000000000   -0.0011662600
   0.0003286400    0.0000000000   -0.0010856100
  -0.0005572500   -0.0019996200   -0.0004063500
   0.0016570500   -0.0000646800   -0.0008901200
  -0.0005572500    0.0019996200   -0.0004063500
   0.0016570500    0.0000646800   -0.0008901200
   0.0011255800    0.0000000000   -0.0007219200
   0.0011731700    0.0000000000   -0.0008390600
  -0.0000186800    0.0014076000   -0.0008428000
   0.0012389600    0.0000859700    0.0007943900
  -0.0000186800   -0.0014076000   -0.0008428000
   0.0012389600   -0.0000859700    0.0007943900
   0.0009679200    0.0000000000    0.0009294800
   0.0012134400    0.0000000000    0.0008654900
   0.0015028600    0.0000000000   -0.0004512200
  -0.0021646500    0.0000000000    0.0013648100
  -0.0010599900    0.0003164300    0.0008076200
  -0.0012859500    0.0000658300    0.0008760500
  -0.0010599900   -0.0003164300    0.0008076200
  -0.0012859500   -0.0000658300    0.0008760500
  -0.0007096100    0.0000000000   -0.0030927700
  -0.0011853200    0.0000000000   -0.0010117700
  -0.0016986100   -0.0013525900   -0.0018079600
  -0.0011257700   -0.0000549800   -0.0009356500
  -0.0016986100    0.0013525900   -0.0018079600
  -0.0011257700    0.0000549800   -0.0009356500

73   
  0.0100000000000000   0.0000000000000000   0.0000000000000000
   0.0003865100    0.0000000000   -0.0009172200
  -0.0028695300    0.0000000000    0.0000473400
  -0.0004964900   -0.0002955700   -0.0007906800
  -0.0023550500    0.0003032600   -0.0000889300
  -0.0004964900    0.0002955700   -0.0007906800
  -0.0023550500   -0.0003032600   -0.0000889300
  -0.0039805300    0.0000000000    0.0001450800
   0.0205909700    0.0000000000   -0.0044012900
  -0.0028501500   -0.0006121000    0.0006178700
  -0.0009708000    0.0016611300    0.0005081100
  -0.0028501500    0.0006121000    0.0006178700
  -0.0009708000   -0.0016611300    0.0005081100
   0.0011873200   -0.0006935800    0.0008039500
   0.0016916000    0.0005389900    0.0003014800
   0.0013644000    0.0000000000    0.0003861400
   0.0020741700    0.0000000000    0.0003995700
   0.0011873200    0.0006935800    0.0008039500
   0.0016916000   -0.0005389900    0.0003014800
   0.0088822900    0.0008549900   -0.0016631500
   0.0002567100    0.0001672100   -0.0005202400
   0.0024405200    0.0000000000   -0.0003485500
   0.0009273700    0.0000000000   -0.0003665000
   0.0088822900   -0.0008549900   -0.0016631500
   0.0002567100   -0.0001672100   -0.0005202400
   0.2983457900    0.0000000000    0.2256040500
  -0.0003611800    0.0000000000   -0.0013991900
   0.0000618300   -0.0002852000   -0.0013016200
  -0.0002643000    0.0001976500   -0.0014589900
   0.0000618300    0.0002852000   -0.0013016200
  -0.0002643000   -0.0001976500   -0.0014589900
  -0.0003666800    0.0000000000    0.0012505800
   0.0000477600    0.0000000000    0.0017224400
  -0.0003200900   -0.0000808800    0.0013104100
  -0.0001061400    0.0002014600    0.0014669000
  -0.0003200900    0.0000808800    0.0013104100
  -0.0001061400   -0.0002014600    0.0014669000
  -0.0000530800   -0.0003093700    0.0014103100
  -0.0000244400   -0.0002996800    0.0011775000
   0.0000766200    0.0000000000    0.0013747300
   0.0001610400    0.0000000000    0.0013960200
  -0.0000530800    0.0003093700    0.0014103100
  -0.0000244400    0.0002996800    0.0011775000
   0.0003824300    0.0000551400   -0.0011885200
  -0.0000236800   -0.0000053900   -0.0014325900
   0.0001871000    0.0000000000   -0.0013705200
   0.0000157200    0.0000000000   -0.0014039700
   0.0003824300   -0.0000551400   -0.0011885200
  -0.0000236800    0.0000053900   -0.0014325900
   0.0014517400    0.0032302400    0.0006810100
   0.0009681600   -0.0013504700   -0.0015287300
  -0.0004684100    0.0000000000   -0.0010083500
  -0.0001912000    0.0000000000   -0.0010435300
   0.0014517400   -0.0032302400    0.0006810100
   0.0009681600    0.0013504700   -0.0015287300
   0.0002579600    0.0000413600    0.0011177400
  -0.0010665600   -0.0010833500   -0.0001549300
  -0.0000329100    0.0000000000    0.0010987700
  -0.0007782300    0.0000000000    0.0008367800
   0.0002579600   -0.0000413600    0.0011177400
  -0.0010665600    0.0010833500   -0.0001549300
   0.0028510400    0.0000000000   -0.0016390900
   0.0011781400    0.0000000000    0.0020315700
   0.0003005300    0.0002049900    0.0009418100
   0.0006240500   -0.0003241900    0.0011533300
   0.0003005300   -0.0002049900    0.0009418100
   0.0006240500    0.0003241900    0.0011533300
  -0.0004979600    0.0000000000   -0.0005823600
   0.0010539500    0.0000000000   -0.0010588200
  -0.0003187300    0.0002915800   -0.0015819900
   0.0007284100    0.0000232200   -0.0009935500
  -0.0003187300   -0.0002915800   -0.0015819900
   0.0007284100   -0.0000232200   -0.0009935500
  -0.3399553800    0.0000000000   -0.2242724700
   0.0022668500    0.0000000000   -0.0009692900
   0.0000231000    0.0006142500   -0.0004304500
   0.0019000600   -0.0001797900   -0.0008781600
   0.0000231000   -0.0006142500   -0.0004304500
   0.0019000600    0.0001797900   -0.0008781600
   0.0012583200    0.0000000000    0.0010219600
   0.0012604200    0.0000000000    0.0003873400
   0.0012072300    0.0004102300    0.0011338700
   0.0012095900   -0.0003727100    0.0007116300
   0.0012072300   -0.0004102300    0.0011338700
   0.0012095900    0.0003727100    0.0007116300
  -0.0001581000    0.0003835600    0.0007309900
  -0.0008306800   -0.0047078900    0.0034148400
  -0.0006987100    0.0000000000    0.0006816200
  -0.0017165600    0.0000000000    0.0012028500
  -0.0001581000   -0.0003835600    0.0007309900
  -0.0008306800    0.0047078900    0.0034148400
  -0.0017608500    0.0000610700   -0.0011358000
  -0.0006955300   -0.0001484800   -0.0008304800
  -0.0012564300    0.0000000000   -0.0009015200
  -0.0009896600    0.0000000000   -0.0009100300
  -0.0017608500   -0.0000610700   -0.0011358000
  -0.0006955300    0.0001484800   -0.0008304800

73   
 -0.0100000000000000   0.0000000000000000   0.0000000000000000
  -0.0037165300    0.0000000000    0.0001892300
  -0.0004681600    0.0000000000   -0.0007916900
  -0.0028449200    0.0002930800    0.0000483800
  -0.0009876100   -0.0003124700   -0.0006567300
  -0.0028449200   -0.0002930800    0.0000483800
  -0.0009876100    0.0003124700   -0.0006567300
   0.0006315800    0.0000000000    0.0005869100
  -0.0252534200    0.0000000000    0.0054446900
  -0.0004825200    0.0006054900    0.0001239300
  -0.0023871400   -0.0016709300    0.0002312500
  -0.0004825200   -0.0006054900    0.0001239300
  -0.0023871400    0.0016709300    0.0002312500
   0.0021620100    0.0006878600   -0.0000595100
   0.0016408400   -0.0005419100    0.0004442700
   0.0019858100    0.0000000000    0.0003514000
   0.0012635800    0.0000000000    0.0003428700
   0.0021620100   -0.0006878600   -0.0000595100
   0.0016408400    0.0005419100    0.0004442700
  -0.0055855900   -0.0009359200    0.0009942900
   0.0030923700   -0.0001679600   -0.0002176100
   0.0008996700    0.0000000000   -0.0003941100
   0.0024218800    0.0000000000   -0.0003733100
  -0.0055855900    0.0009359200    0.0009942900
   0.0030923700    0.0001679600   -0.0002176100
  -0.2852935800    0.0000000000   -0.2126838200
   0.0001215400    0.0000000000   -0.0013740300
  -0.0003015600    0.0002898300   -0.0014658700
   0.0000159100   -0.0001972400   -0.0013137000
  -0.0003015600   -0.0002898300   -0.0014658700
   0.0000159100    0.0001972400   -0.0013137000
   0.0001162700    0.0000000000    0.0015290100
  -0.0002954900    0.0000000000    0.0010464000
   0.0000691000    0.0000836400    0.0014655300
  -0.0001352200   -0.0001978100    0.0012986800
   0.0000691000   -0.0000836400    0.0014655300
  -0.0001352200    0.0001978100    0.0012986800
   0.0003045300    0.0003030900    0.0013639600
   0.0002678500    0.0003005600    0.0015965900
   0.0001607600    0.0000000000    0.0013942000
   0.0001006100    0.0000000000    0.0013924200
   0.0003045300   -0.0003030900    0.0013639600
   0.0002678500   -0.0003005600    0.0015965900
  -0.0001405100   -0.0000587600   -0.0015813000
   0.0002789700    0.0000013500   -0.0013437300
   0.0000469500    0.0000000000   -0.0013965800
   0.0002315000    0.0000000000   -0.0013718900
  -0.0001405100    0.0000587600   -0.0015813000
   0.0002789700   -0.0000013500   -0.0013437300
  -0.0022332000   -0.0032355600   -0.0027211800
  -0.0017339900    0.0013733100   -0.0005065100
  -0.0002798100    0.0000000000   -0.0010345400
  -0.0005541200    0.0000000000   -0.0009970500
  -0.0022332000    0.0032355600   -0.0027211800
  -0.0017339900   -0.0013733100   -0.0005065100
  -0.0010171200   -0.0000350800    0.0009233700
   0.0003232400    0.0010875800    0.0021929800
  -0.0007153300    0.0000000000    0.0009423700
   0.0000346300    0.0000000000    0.0012049800
  -0.0010171200    0.0000350800    0.0009233700
   0.0003232400   -0.0010875800    0.0021929800
  -0.0020786000    0.0000000000    0.0036427200
  -0.0004330700    0.0000000000   -0.0000004300
   0.0004458700   -0.0002130300    0.0011005300
   0.0001324600    0.0003218100    0.0008860400
   0.0004458700    0.0002130300    0.0011005300
   0.0001324600   -0.0003218100    0.0008860400
   0.0012523400    0.0000000000   -0.0014552400
  -0.0003081900    0.0000000000   -0.0009833100
   0.0010810100   -0.0002994900   -0.0004552800
   0.0000254400   -0.0000270500   -0.0010470900
   0.0010810100    0.0002994900   -0.0004552800
   0.0000254400    0.0000270500   -0.0010470900
   0.3303867900    0.0000000000    0.2064359300
   0.0000061300    0.0000000000   -0.0008202200
   0.0022664700   -0.0005976700   -0.0013741200
   0.0003802300    0.0002154900   -0.0009090800
   0.0022664700    0.0005976700   -0.0013741200
   0.0003802300   -0.0002154900   -0.0009090800
   0.0010243900    0.0000000000    0.0007561600
   0.0010240400    0.0000000000    0.0014080700
   0.0010753800   -0.0003761600    0.0006503900
   0.0010693900    0.0004061200    0.0010843700
   0.0010753800    0.0003761600    0.0006503900
   0.0010693900   -0.0004061200    0.0010843700
  -0.0021335500   -0.0004102600    0.0010552900
  -0.0014520300    0.0047408200   -0.0016510100
  -0.0015834700    0.0000000000    0.0011089500
  -0.0005837500    0.0000000000    0.0005655800
  -0.0021335500    0.0004102600    0.0010552900
  -0.0014520300   -0.0047408200   -0.0016510100
  -0.0005197500   -0.0000929200   -0.0006562700
  -0.0015896500    0.0001195200   -0.0009546900
  -0.0010206200    0.0000000000   -0.0008879700
  -0.0012977400    0.0000000000   -0.0008700600
  -0.0005197500    0.0000929200   -0.0006562700
  -0.0015896500   -0.0001195200   -0.0009546900

73   
  0.0000000000000000   0.0100000000000000   0.0000000000000000
  -0.0016680900    0.0031070800   -0.0003613700
  -0.0016739600    0.0005513900   -0.0003691500
  -0.0019376300   -0.0013741700   -0.0009044800
  -0.0015587200   -0.0002758300   -0.0003461700
  -0.0014078000   -0.0013732000    0.0001635800
  -0.0017892300   -0.0002734600   -0.0003951500
  -0.0016720000    0.0017787100    0.0003721100
  -0.0017004900    0.0067881700    0.0003653300
  -0.0026403200   -0.0009315700    0.0005115800
  -0.0001060400   -0.0019702200   -0.0001804600
  -0.0007073300   -0.0009289100    0.0002309800
  -0.0032312500   -0.0019776500    0.0009201400
   0.0011443600    0.0005851900    0.0002815900
   0.0024092700    0.0006381200    0.0003432600
   0.0016728600   -0.0011567200    0.0003724000
   0.0016772300   -0.0012507600    0.0003730300
   0.0021980700    0.0005762800    0.0004595200
   0.0009403100    0.0006347100    0.0004039300
   0.0063565400    0.0156769800   -0.0092008100
   0.0016432200    0.0002651000   -0.0003018200
   0.0016728500   -0.0036959800   -0.0003722000
   0.0016735700   -0.0005306600   -0.0003713000
  -0.0028217000    0.0149424500    0.0078482400
   0.0017002500    0.0002600500   -0.0004416000
  -0.0019607200    0.0047228000   -0.0027783400
  -0.0001226700    0.0001256000   -0.0013874900
  -0.0003510600   -0.0006510500   -0.0014787500
  -0.0001043100   -0.0000582400   -0.0014319900
   0.0001068000   -0.0006526100   -0.0012916700
  -0.0001422400   -0.0000620800   -0.0013396900
  -0.0001230500    0.0002380900    0.0013880700
  -0.0001210800    0.0004986800    0.0013874900
  -0.0002581100   -0.0001397200    0.0013229400
  -0.0000182100   -0.0003005800    0.0014470500
   0.0000118400   -0.0001430100    0.0014481100
  -0.0002178300   -0.0003054700    0.0013175800
   0.0000189600    0.0002147700    0.0015463100
   0.0001088700    0.0005607000    0.0014288200
   0.0001152500   -0.0004653000    0.0013825200
   0.0001275600   -0.0001657700    0.0013911900
   0.0002264400    0.0002154600    0.0012248100
   0.0001316700    0.0005687400    0.0013352500
   0.0002958300    0.0002667100   -0.0010565600
   0.0001206000    0.0000473600   -0.0014109000
   0.0001147200   -0.0004969400   -0.0013820000
   0.0001213400   -0.0000995400   -0.0013871300
  -0.0000539100    0.0002687400   -0.0017061900
   0.0001291600    0.0000500700   -0.0013636200
   0.0029779400    0.0019103700    0.0009512700
  -0.0005112300   -0.0002946000   -0.0009887600
  -0.0003735000    0.0010282800   -0.0010204600
  -0.0003744100    0.0003732800   -0.0010210600
  -0.0037226700    0.0019110300   -0.0029853700
  -0.0002413700   -0.0002948200   -0.0010554000
  -0.0001042300   -0.0001567200    0.0011391000
  -0.0011601300    0.0002089500    0.0024649500
  -0.0003739800    0.0002979200    0.0010214100
  -0.0003749200    0.0008325200    0.0010202000
  -0.0006525700   -0.0001615100    0.0009032700
   0.0004014800    0.0002123200   -0.0004263700
   0.0003645500   -0.0019458200    0.0010307100
   0.0003751500   -0.0005889900    0.0010242200
   0.0015775700    0.0011829500    0.0006704900
   0.0000945100    0.0003229600    0.0009240700
  -0.0008155800    0.0011873600    0.0013718100
   0.0006627200    0.0003299300    0.0011194000
   0.0003730500   -0.0019672200   -0.0010253000
   0.0003740200   -0.0002005400   -0.0010209400
  -0.0005190600    0.0016196000   -0.0023513500
   0.0004593600    0.0000970400   -0.0010444000
   0.0012680800    0.0016163700    0.0002994600
   0.0002991000    0.0001032800   -0.0009980000
   0.0028278600   -0.0507270600    0.0010716400
   0.0011470300   -0.0003491000   -0.0008928600
   0.0005341200    0.0039134900    0.0001783300
   0.0013435400    0.0001830100   -0.0009475900
   0.0017466900    0.0038673700   -0.0019628300
   0.0009495900    0.0001531900   -0.0008425600
   0.0011465800   -0.0008888300    0.0008924400
   0.0011440100   -0.0008885100    0.0008926700
   0.0015386200    0.0005141700    0.0012991300
   0.0007496800    0.0005136300    0.0009326000
   0.0007560500    0.0004847800    0.0004900100
   0.0015314300    0.0004851000    0.0008621600
  -0.0007487800   -0.0004434200    0.0007183300
  -0.0058759100   -0.0002439800    0.0007174000
  -0.0011405800    0.0009324600    0.0008977700
  -0.0011478300    0.0012300200    0.0008949900
  -0.0015413800   -0.0004087000    0.0010728500
   0.0035735000   -0.0001948100    0.0010972500
  -0.0010636300   -0.0006631400   -0.0012157200
  -0.0012807600   -0.0001599400   -0.0009360900
  -0.0011398100    0.0012384300   -0.0008991500
  -0.0011475000    0.0002795200   -0.0008934200
  -0.0012219000   -0.0006276300   -0.0005852700
  -0.0010143500   -0.0001265200   -0.0008519800

73   
  0.0000000000000000   0.0000000000000000   0.0100000000000000
  -0.0039934700    0.0000000000   -0.0054560400
  -0.0014012300    0.0000000000   -0.0005455700
  -0.0019882400   -0.0007336100   -0.0010771600
  -0.0015087700   -0.0001327800   -0.0004884500
  -0.0019882400    0.0007336100   -0.0010771600
  -0.0015087700    0.0001327800   -0.0004884500
  -0.0017733600    0.0000000000    0.0013106500
  -0.0008656200    0.0000000000    0.0054440300
  -0.0019108500   -0.0003337200    0.0008912600
  -0.0019749800   -0.0004085100    0.0013146900
  -0.0019108500    0.0003337200    0.0008912600
  -0.0019749800    0.0004085100    0.0013146900
   0.0018555800    0.0003088900   -0.0005400100
   0.0014802000    0.0001280200   -0.0005866600
   0.0017930600    0.0000000000   -0.0000513700
   0.0013016900    0.0000000000    0.0000389400
   0.0018555800   -0.0003088900   -0.0005400100
   0.0014802000   -0.0001280200   -0.0005866600
  -0.0020842000   -0.0092022700    0.0114204900
   0.0018894900   -0.0000220000   -0.0002128800
   0.0015398900    0.0000000000   -0.0002695300
   0.0017398200    0.0000000000   -0.0002788100
  -0.0020842000    0.0092022700    0.0114204900
   0.0018894900    0.0000220000   -0.0002128800
   0.2241390300    0.0000000000    0.1745950300
  -0.0000549800    0.0000000000   -0.0013713300
   0.0000644300   -0.0002684400   -0.0012421700
  -0.0000755000   -0.0000567500   -0.0013605800
   0.0000644300    0.0002684400   -0.0012421700
  -0.0000755000    0.0000567500   -0.0013605800
  -0.0001044400    0.0000000000    0.0013984600
   0.0000460500    0.0000000000    0.0010972900
  -0.0001235800   -0.0000499400    0.0013345400
   0.0000401500   -0.0003977500    0.0013029100
  -0.0001235800    0.0000499400    0.0013345400
   0.0000401500    0.0003977500    0.0013029100
   0.0002429900    0.0002134900    0.0015375300
   0.0001696300   -0.0001846600    0.0011301200
   0.0002224000    0.0000000000    0.0014545900
   0.0000722400    0.0000000000    0.0013822700
   0.0002429900   -0.0002134900    0.0015375300
   0.0001696300    0.0001846600    0.0011301200
   0.0000745000    0.0001426400   -0.0017161800
   0.0001332400    0.0000118000   -0.0013751000
   0.0001597400    0.0000000000   -0.0014424200
   0.0001242000    0.0000000000   -0.0013802500
   0.0000745000   -0.0001426400   -0.0017161800
   0.0001332400   -0.0000118000   -0.0013751000
   0.0015100700    0.0021019000   -0.0015124300
  -0.0006174200    0.0002439000   -0.0010250700
  -0.0004724900    0.0000000000   -0.0012013500
  -0.0003466800    0.0000000000   -0.0010767500
   0.0015100700   -0.0021019000   -0.0015124300
  -0.0006174200   -0.0002439000   -0.0010250700
  -0.0003370500    0.0000070000    0.0011213700
  -0.0012710200    0.0017595800    0.0027627400
  -0.0004122600    0.0000000000    0.0010598700
  -0.0003300700    0.0000000000    0.0009827600
  -0.0003370500   -0.0000070000    0.0011213700
  -0.0012710200   -0.0017595800    0.0027627400
  -0.0020657700    0.0000000000    0.0023714000
   0.0003313500    0.0000000000    0.0005603900
  -0.0003874800   -0.0005686100    0.0011147900
   0.0004441600    0.0000025500    0.0010355600
  -0.0003874800    0.0005686100    0.0011147900
   0.0004441600   -0.0000025500    0.0010355600
   0.0010141000    0.0000000000    0.0011758300
   0.0001105200    0.0000000000   -0.0009062300
   0.0008390400   -0.0004295500   -0.0001072900
   0.0002673300   -0.0000015300   -0.0009751500
   0.0008390400    0.0004295500   -0.0001072900
   0.0002673300    0.0000015300   -0.0009751500
  -0.2194937700    0.0000000000   -0.2023362400
   0.0010512600    0.0000000000   -0.0010059200
   0.0015937200   -0.0010524000   -0.0028771600
   0.0011395700    0.0000687000   -0.0010042900
   0.0015937200    0.0010524000   -0.0028771600
   0.0011395700   -0.0000687000   -0.0010042900
   0.0016393300    0.0000000000    0.0014754400
   0.0009900300    0.0000000000    0.0014734200
   0.0013076500    0.0000543700    0.0012753600
   0.0008807100    0.0004253900    0.0012751500
   0.0013076500   -0.0000543700    0.0012753600
   0.0008807100   -0.0004253900    0.0012751500
  -0.0012876400   -0.0001951200    0.0004437700
   0.0014069700   -0.0002053800   -0.0005033100
  -0.0013400700    0.0000000000    0.0005995200
  -0.0008100800    0.0000000000    0.0007178600
  -0.0012876400    0.0001951200    0.0004437700
   0.0014069700    0.0002053800   -0.0005033100
  -0.0008812100    0.0003002100    0.0002110900
  -0.0011869000    0.0000229500   -0.0008256300
  -0.0011149500    0.0000000000   -0.0004987400
  -0.0011046200    0.0000000000   -0.0008008900
  -0.0008812100   -0.0003002100    0.0002110900
  -0.0011869000   -0.0000229500   -0.0008256300

73   
  0.0000000000000000   0.0000000000000000  -0.0100000000000000
   0.0005947100    0.0000000000    0.0046439100
  -0.0019517400    0.0000000000   -0.0002048600
  -0.0013722500    0.0007295500    0.0003283400
  -0.0018406300    0.0001336500   -0.0002633200
  -0.0013722500   -0.0007295500    0.0003283400
  -0.0018406300   -0.0001336500   -0.0002633200
  -0.0015767900    0.0000000000   -0.0005566300
  -0.0023420700    0.0000000000   -0.0047289200
  -0.0014414600    0.0003377700   -0.0001395100
  -0.0013748600    0.0004052600   -0.0005546800
  -0.0014414600   -0.0003377700   -0.0001395100
  -0.0013748600   -0.0004052600   -0.0005546800
   0.0014953100   -0.0003077500    0.0012941400
   0.0018831900   -0.0001247500    0.0013337300
   0.0015587500    0.0000000000    0.0008045000
   0.0020539000    0.0000000000    0.0007100600
   0.0014953100    0.0003077500    0.0012941400
   0.0018831900    0.0001247500    0.0013337300
   0.0054974600    0.0095768900   -0.0123163100
   0.0014659100    0.0000234200   -0.0005439400
   0.0018196300    0.0000000000   -0.0004827600
   0.0016131700    0.0000000000   -0.0004739800
   0.0054974600   -0.0095768900   -0.0123163100
   0.0014659100   -0.0000234200   -0.0005439400
  -0.2138213300    0.0000000000   -0.1749585900
  -0.0001675500    0.0000000000   -0.0013861000
  -0.0002834200    0.0002725800   -0.0015075300
  -0.0001315800    0.0000610900   -0.0013810400
  -0.0002834200   -0.0002725800   -0.0015075300
  -0.0001315800   -0.0000610900   -0.0013810400
  -0.0001030300    0.0000000000    0.0013509600
  -0.0002596600    0.0000000000    0.0016575100
  -0.0000789200    0.0000535400    0.0014048700
  -0.0002657000    0.0003974600    0.0014547800
  -0.0000789200   -0.0000535400    0.0014048700
  -0.0002657000   -0.0003974600    0.0014547800
  -0.0000363400   -0.0002160600    0.0012024000
   0.0000549300    0.0001812600    0.0016237400
   0.0000096900    0.0000000000    0.0013103800
   0.0001235300    0.0000000000    0.0013546300
  -0.0000363400    0.0002160600    0.0012024000
   0.0000549300   -0.0001812600    0.0016237400
   0.0001469700   -0.0001469400   -0.0010367700
   0.0000671600   -0.0000148200   -0.0013602100
   0.0000746100    0.0000000000   -0.0013235700
   0.0000874600    0.0000000000   -0.0013684300
   0.0001469700    0.0001469400   -0.0010367700
   0.0000671600    0.0000148200   -0.0013602100
  -0.0022712800   -0.0021168200   -0.0005455400
  -0.0001294400   -0.0002490700   -0.0010215600
  -0.0002695600    0.0000000000   -0.0008407200
  -0.0003970400    0.0000000000   -0.0009653000
  -0.0022712800    0.0021168200   -0.0005455400
  -0.0001294400    0.0002490700   -0.0010215600
  -0.0004149200   -0.0000013800    0.0009188200
   0.0005045200   -0.0017340100   -0.0007099500
  -0.0003302400    0.0000000000    0.0009812500
  -0.0004135200    0.0000000000    0.0010592200
  -0.0004149200    0.0000013800    0.0009188200
   0.0005045200    0.0017340100   -0.0007099500
   0.0028184100    0.0000000000   -0.0003259400
   0.0004119200    0.0000000000    0.0014858800
   0.0011446000    0.0005642600    0.0009269900
   0.0003092300   -0.0000093100    0.0010078000
   0.0011446000   -0.0005642600    0.0009269900
   0.0003092300    0.0000093100    0.0010078000
  -0.0002719600    0.0000000000   -0.0032240000
   0.0006340100    0.0000000000   -0.0011342800
  -0.0000829600    0.0004217000   -0.0019297400
   0.0004863600   -0.0000041000   -0.0010658300
  -0.0000829600   -0.0004217000   -0.0019297400
   0.0004863600    0.0000041000   -0.0010658300
   0.2109809200    0.0000000000    0.1984631100
   0.0012183800    0.0000000000   -0.0007969100
   0.0006512300    0.0010840000    0.0010599800
   0.0011090600   -0.0000380100   -0.0008177600
   0.0006512300   -0.0010840000    0.0010599800
   0.0011090600    0.0000380100   -0.0008177600
   0.0006191900    0.0000000000    0.0003442900
   0.0012552400    0.0000000000    0.0003421800
   0.0009358800   -0.0000233300    0.0005504300
   0.0013743000   -0.0003900700    0.0005399200
   0.0009358800    0.0000233300    0.0005504300
   0.0013743000    0.0003900700    0.0005399200
  -0.0009534400    0.0001618000    0.0013841900
  -0.0036827000    0.0001776100    0.0023264700
  -0.0009201300    0.0000000000    0.0012098900
  -0.0014396400    0.0000000000    0.0010995500
  -0.0009534400   -0.0001618000    0.0013841900
  -0.0036827000   -0.0001776100    0.0023264700
  -0.0013674100   -0.0003228000   -0.0020229000
  -0.0010562500   -0.0000556600   -0.0010016500
  -0.0011515300    0.0000000000   -0.0013041000
  -0.0011428600    0.0000000000   -0.0010189700
  -0.0013674100    0.0003228000   -0.0020229000
  -0.0010562500    0.0000556600   -0.0010016500
