96   
20   

1    
  0.0099995753073327   0.0000000000000000  -0.0000921611251181
  -0.1325075300    0.0372231400   -0.0188832400
   0.0036048100    0.0389256200   -0.0208727900
   0.0031617100    0.0389869500   -0.0208068200
   0.0035075500    0.0388712100   -0.0208994500
  -0.0035102100    0.0389279500    0.0208873600
   0.0004685900    0.0398022900    0.0254237000
  -0.0034837000    0.0388738400    0.0208983200
  -0.0025090700    0.0391413600    0.0214262900
  -0.0033560400   -0.0389372400    0.0209087000
  -0.0029604700   -0.0387978700    0.0212606200
  -0.0033932300   -0.0390023600    0.0209319900
   0.0823648700   -0.0020628900    0.0162988600
   0.0002155700   -0.0141833200    0.0001195600
  -0.0001112900   -0.0143907900    0.0002782800
   0.0010352900   -0.0126820200    0.0010498500
   0.0001652000   -0.0148197100    0.0002713900
  -0.0018309600    0.0133193600   -0.0018964700
  -0.0000092300    0.0144636200    0.0001222400
  -0.0000177100    0.0140721700    0.0001109900
  -0.0000654100    0.0142109600   -0.0000113300
   0.0023040300   -0.0393464900   -0.0222592400
   0.0035943000   -0.0388573000   -0.0208909600
   0.0023245300   -0.0391634100   -0.0202575100
   0.0035944800   -0.0388843800   -0.0209146400
   0.0035789100    0.0386923600   -0.0205905600
   0.0035830000    0.0389157700   -0.0209873100
   0.0036553000    0.0388750100   -0.0207914100
   0.0036540500    0.0388377500   -0.0209232000
  -0.0020336200    0.0388180500    0.0214945900
  -0.0031550100    0.0388857800    0.0208904200
  -0.0033651000    0.0390112500    0.0209686200
  -0.0034297400    0.0387293300    0.0210060000
  -0.0035914300   -0.0388919600    0.0208504000
  -0.0033526700   -0.0389820500    0.0209006600
  -0.0033366800   -0.0389433300    0.0208600700
  -0.0033906200   -0.0392557300    0.0208029200
  -0.0000444800   -0.0140909100   -0.0000550400
   0.0000310500   -0.0144662300   -0.0002376700
  -0.0000460400   -0.0140753100   -0.0000885800
  -0.0041004900   -0.0152750300   -0.0016255600
  -0.0000046300    0.0141752100   -0.0000522600
   0.0205989500    0.0034151900    0.0140607200
  -0.0000018100    0.0141634900    0.0000118900
  -0.0001582500    0.0138216700   -0.0000729700
   0.0033310100   -0.0386044100   -0.0212550600
   0.0037142400   -0.0389422300   -0.0206963400
   0.0037077600   -0.0388505400   -0.0211128400
   0.0033286800   -0.0389912700   -0.0212878800
   0.0000529300    0.0050803300    0.0000114100
   0.0001384600    0.0051337900    0.0000634400
   0.0003512700    0.0047360200    0.0007959500
   0.0004197700    0.0052215900   -0.0003771400
   0.0013299400   -0.0038036800   -0.0002956000
   0.0004329300   -0.0050579900    0.0001786200
  -0.0000417600   -0.0050918900   -0.0001102100
   0.0000163200   -0.0049865700    0.0001517900
   0.0002149600    0.0049746800    0.0000329400
  -0.0001421200    0.0049263500   -0.0006681100
   0.0000508100    0.0049960600    0.0000081000
   0.0009416100    0.0039939600   -0.0005381600
   0.0000878800   -0.0049124700    0.0000988700
   0.0006457300   -0.0042894100    0.0002130000
   0.0000622100   -0.0050015300    0.0000560900
  -0.0000759000   -0.0049527900    0.0002457300
  -0.0028359300    0.0176877800    0.0261430600
  -0.0031289900    0.0173651300    0.0259504100
  -0.0024895900    0.0182105100    0.0305145400
  -0.0029745600    0.0174390700    0.0259768100
   0.0028462100    0.0174001900   -0.0260009100
   0.0029935600    0.0177205100   -0.0267404500
   0.0030935000    0.0175655900   -0.0259415000
   0.0069488700    0.0175115400   -0.0273241800
   0.0187369100   -0.0416841600    0.0090572800
  -0.0031673300   -0.0173796700    0.0259392800
  -0.0030892600   -0.0174211000    0.0256649900
  -0.0030306700   -0.0173810900    0.0259781000
   0.0030215100   -0.0174704200   -0.0260089000
   0.0036376900   -0.0176515800   -0.0254070100
   0.0029580700   -0.0174313300   -0.0259092800
   0.0031677400   -0.0174971400   -0.0262296000
  -0.0031060000    0.0171191900    0.0260184700
  -0.0027589400    0.0173344800    0.0259599700
  -0.0029351400    0.0172506900    0.0260857100
  -0.0013056700    0.0174924600    0.0272290300
   0.0031174900    0.0172617300   -0.0257205200
   0.0028339200    0.0174394900   -0.0260780400
   0.0020149200    0.0168139100   -0.0253407000
   0.0029339800    0.0174052800   -0.0258279700
  -0.0031197000   -0.0172207600    0.0258167000
  -0.0028244200   -0.0183966300    0.0278967100
  -0.0030503900   -0.0172957300    0.0259586400
  -0.0028409100   -0.0173265700    0.0259212700
  -0.0006669800   -0.0164320700   -0.0298764000
   0.0028381000   -0.0173467500   -0.0258697100
   0.0030082700   -0.0173729800   -0.0260275500
   0.0029302700   -0.0173386300   -0.0260403400

1    
 -0.0099995753073327   0.0000000000000000   0.0000921611251181
   0.1367888700    0.0382544000   -0.0228454300
   0.0034659600    0.0389186500   -0.0209026400
   0.0039026500    0.0388579600   -0.0209724100
   0.0035626200    0.0389731400   -0.0208762100
  -0.0035617700    0.0389142600    0.0208888500
  -0.0075366600    0.0380195500    0.0163567800
  -0.0035881300    0.0389707500    0.0208775700
  -0.0045503400    0.0386979800    0.0203603100
  -0.0037139500   -0.0389082100    0.0208675300
  -0.0041072300   -0.0390407400    0.0205197200
  -0.0036777900   -0.0388423300    0.0208444900
  -0.0865337200   -0.0739888300    0.0249471700
  -0.0002213800   -0.0141200400   -0.0001165700
   0.0001094600   -0.0139167100   -0.0002776300
  -0.0010394700   -0.0156363500   -0.0010506300
  -0.0001496700   -0.0135104500   -0.0002696700
   0.0017845700    0.0150520200    0.0019191500
   0.0000141700    0.0138478200   -0.0001274500
   0.0000184000    0.0142352800   -0.0001112400
   0.0000659600    0.0140958000    0.0000083000
   0.0047707900   -0.0384994000   -0.0195375800
   0.0034770800   -0.0389857500   -0.0208841000
   0.0047547500   -0.0386542400   -0.0214790700
   0.0034777600   -0.0389601000   -0.0208606100
   0.0034821200    0.0391607600   -0.0211724600
   0.0034932000    0.0389223400   -0.0207989900
   0.0034155100    0.0389689600   -0.0209843800
   0.0034167300    0.0390063300   -0.0208526900
  -0.0050637400    0.0390263400    0.0202863300
  -0.0039120400    0.0389586300    0.0208851800
  -0.0037032700    0.0388361900    0.0208100600
  -0.0036440100    0.0391149900    0.0207712000
  -0.0034781800   -0.0389538200    0.0209246600
  -0.0037180900   -0.0388636400    0.0208772700
  -0.0037340000   -0.0389031300    0.0209154200
  -0.0036792500   -0.0385932700    0.0209693900
   0.0000433500   -0.0142145300    0.0000571300
  -0.0000335300   -0.0138379500    0.0002472400
   0.0000464500   -0.0142323200    0.0000882300
   0.0040879900   -0.0130528600    0.0015809600
   0.0000068100    0.0141325300    0.0000519600
  -0.0206169000    0.0249029800   -0.0139631400
   0.0000029600    0.0141425800   -0.0000132100
   0.0001570100    0.0144827900    0.0000688700
   0.0037490600   -0.0392389100   -0.0205156900
   0.0033598400   -0.0389048800   -0.0210752800
   0.0033609300   -0.0389971300   -0.0206610400
   0.0037473300   -0.0388514200   -0.0204889900
  -0.0000524900    0.0049580100   -0.0000121900
  -0.0001377600    0.0049049300   -0.0000651700
  -0.0003502800    0.0053014900   -0.0007986100
  -0.0004093100    0.0048217600    0.0003721900
  -0.0013334500   -0.0062591100    0.0002926300
  -0.0004339100   -0.0049765500   -0.0001803400
   0.0000443800   -0.0049468900    0.0001172900
  -0.0000166900   -0.0050515600   -0.0001505700
  -0.0002140000    0.0050637300   -0.0000332700
   0.0001408900    0.0051118000    0.0006663600
  -0.0000487600    0.0050424200   -0.0000108300
  -0.0009403900    0.0060372200    0.0005334300
  -0.0000873400   -0.0051244300   -0.0000965300
  -0.0006544300   -0.0057597000   -0.0002150900
  -0.0000614200   -0.0050367500   -0.0000546300
   0.0000746900   -0.0050835600   -0.0002481700
  -0.0031463700    0.0170699800    0.0258178300
  -0.0028551200    0.0173917100    0.0260056600
  -0.0034600100    0.0165563800    0.0214224500
  -0.0030104800    0.0173180900    0.0259805600
   0.0031375200    0.0173570100   -0.0259555100
   0.0029899300    0.0170376600   -0.0252220500
   0.0028832900    0.0171880800   -0.0260172400
  -0.0008735100    0.0172607700   -0.0246809100
  -0.0249034800    0.0075314000    0.0432989600
  -0.0028186000   -0.0173765900    0.0260165500
  -0.0028956900   -0.0173345800    0.0262826700
  -0.0029538700   -0.0173763900    0.0259780400
   0.0029587900   -0.0172762300   -0.0259469600
   0.0023614300   -0.0170963300   -0.0265287500
   0.0030225600   -0.0173259700   -0.0260490200
   0.0028172700   -0.0172612600   -0.0257298200
  -0.0028788200    0.0176375800    0.0259370800
  -0.0032230300    0.0174237200    0.0259972500
  -0.0030530300    0.0175088200    0.0258710300
  -0.0046674300    0.0172587400    0.0247300800
   0.0028675100    0.0174954200   -0.0262363800
   0.0031484400    0.0173177900   -0.0258798700
   0.0039682500    0.0179390000   -0.0266056000
   0.0030473600    0.0173511400   -0.0261255800
  -0.0028692400   -0.0175406300    0.0261319700
  -0.0031506100   -0.0163841800    0.0240894000
  -0.0029349100   -0.0174621700    0.0259972200
  -0.0031417400   -0.0174306200    0.0260347900
   0.0066400700   -0.0183505300   -0.0220830100
   0.0031447100   -0.0174111100   -0.0260860900
   0.0029777500   -0.0173871500   -0.0259309100
   0.0030521400   -0.0174183800   -0.0259170300

1    
  0.0000000000000000   0.0100000000000000   0.0000000000000000
   0.0029971100   -0.0743711900   -0.0085753100
   0.0035395200    0.0389821900   -0.0208665300
   0.0036007700    0.0389577900   -0.0206735300
   0.0034853400    0.0388940700   -0.0208735300
  -0.0035429700    0.0387963700    0.0208328900
  -0.0044521800    0.0359950600    0.0193513600
  -0.0034870600    0.0389468400    0.0208956900
  -0.0037536100    0.0401885200    0.0209564200
  -0.0035505800   -0.0387473600    0.0208046700
  -0.0034106900   -0.0389376100    0.0213555000
  -0.0036152700   -0.0389589800    0.0208535000
   0.0327575800   -0.0070876500    0.0193213600
   0.0000021800   -0.0142297500   -0.0002147000
   0.0000291500   -0.0138416700   -0.0000293500
   0.0015823300   -0.0131797100    0.0000764600
   0.0008034000   -0.0136109800    0.0000747800
  -0.0001256400    0.0123055700    0.0008632200
   0.0002642000    0.0143079700    0.0002448000
  -0.0000858400    0.0139599600    0.0001204300
  -0.0002035700    0.0141773700    0.0000704000
   0.0038026700   -0.0392461800   -0.0198981700
   0.0034974500   -0.0389401600   -0.0209184900
   0.0039617400   -0.0392336000   -0.0211556300
   0.0034717700   -0.0389398800   -0.0209399500
   0.0035303300    0.0389327800   -0.0211038600
   0.0033075600    0.0389308200   -0.0207065200
   0.0034505600    0.0389185900   -0.0209955900
   0.0034888700    0.0389181300   -0.0208901900
  -0.0034312600    0.0390216800    0.0211209700
  -0.0035013400    0.0393066100    0.0205805500
  -0.0036221600    0.0389165300    0.0208441300
  -0.0033430300    0.0392699300    0.0209753700
  -0.0035044000   -0.0388241400    0.0208873300
  -0.0035961300   -0.0388800300    0.0207911800
  -0.0035552700   -0.0392205100    0.0209236700
  -0.0038646300   -0.0387357000    0.0212080300
   0.0000455600   -0.0141987100    0.0000385900
  -0.0001969400   -0.0137538500    0.0006490900
   0.0000580800   -0.0141299200    0.0000863200
   0.0038759300   -0.0105302400   -0.0027489900
   0.0000411300    0.0143165900    0.0000301500
  -0.0160250200    0.0493727500   -0.0333786800
  -0.0000470200    0.0141339200   -0.0000428300
   0.0002322700    0.0138488600   -0.0001439000
   0.0036048700   -0.0387202200   -0.0208910800
   0.0034627600   -0.0391524900   -0.0210511800
   0.0035571700   -0.0391484800   -0.0209821900
   0.0032217700   -0.0387156100   -0.0208960700
  -0.0000066100    0.0050167700   -0.0000913400
   0.0000139700    0.0050609400   -0.0000499800
  -0.0011900800    0.0057193500   -0.0006421200
  -0.0010660300    0.0042557900    0.0005337400
   0.0013768300   -0.0037550700   -0.0006150300
  -0.0000723200   -0.0051354900   -0.0004330700
  -0.0002989300   -0.0050072000   -0.0003620900
   0.0002216400   -0.0050721700    0.0000835300
   0.0000174700    0.0050215300   -0.0000157900
   0.0000090200    0.0049693900   -0.0000193300
  -0.0001170600    0.0049872700    0.0000244600
  -0.0010340700    0.0066635400    0.0007372300
  -0.0000912300   -0.0049466800   -0.0000507200
   0.0012328000   -0.0020455500    0.0010249800
  -0.0000213100   -0.0050203600   -0.0000461900
   0.0000984200   -0.0049371100   -0.0001261100
  -0.0030531600    0.0174099700    0.0261038900
  -0.0029663600    0.0173916700    0.0260515000
  -0.0018466200    0.0184021100    0.0328281400
  -0.0029231200    0.0173714800    0.0259301000
   0.0029528500    0.0173976100   -0.0259575100
   0.0028699500    0.0173887300   -0.0261821600
   0.0030722500    0.0173514700   -0.0260906300
   0.0002116900    0.0138253500   -0.0268439700
  -0.0251987800    0.0194819600    0.0477025600
  -0.0030028100   -0.0173111900    0.0260196100
  -0.0030359900   -0.0173807700    0.0259871700
  -0.0029575500   -0.0173807500    0.0259973700
   0.0028726000   -0.0170690400   -0.0258151600
   0.0038456800   -0.0171850900   -0.0258249200
   0.0031184600   -0.0174304500   -0.0260000700
   0.0028420900   -0.0175407000   -0.0262865700
  -0.0029266700    0.0173577700    0.0260790300
  -0.0031728500    0.0173051100    0.0259165500
  -0.0027798900    0.0173582900    0.0259572900
  -0.0036314400    0.0174571200    0.0252129200
   0.0031608600    0.0173945200   -0.0258566300
   0.0030315200    0.0173362600   -0.0259174200
   0.0026562700    0.0186048700   -0.0265686900
   0.0031579900    0.0174327000   -0.0260834500
  -0.0031263400   -0.0177225300    0.0258683500
  -0.0027612100   -0.0165608100    0.0246159000
  -0.0028975100   -0.0173312300    0.0260358600
  -0.0030518200   -0.0172924800    0.0258796000
   0.0027184300   -0.0160749200   -0.0273753800
   0.0031240400   -0.0174509000   -0.0257824900
   0.0028730500   -0.0170633800   -0.0255758600
   0.0029944300   -0.0173119900   -0.0259577300

1    
  0.0000000000000000  -0.0100000000000000   0.0000000000000000
   0.0037552300    0.1516157900   -0.0347736700
   0.0035320300    0.0388630200   -0.0209083700
   0.0034676000    0.0388856800   -0.0211030800
   0.0035868700    0.0389514600   -0.0209028100
  -0.0035280000    0.0390488400    0.0209423900
  -0.0026407800    0.0418491900    0.0224232100
  -0.0035838300    0.0388988200    0.0208796600
  -0.0033113700    0.0376579700    0.0208224700
  -0.0035198500   -0.0390987600    0.0209721600
  -0.0036620600   -0.0389032600    0.0204196300
  -0.0034545500   -0.0388869100    0.0209212800
  -0.0391195500   -0.0706051000    0.0223488900
  -0.0000018400   -0.0140766400    0.0002160000
  -0.0000294900   -0.0144666200    0.0000281700
  -0.0015860800   -0.0151277700   -0.0000524400
  -0.0007929700   -0.0146988100   -0.0000695500
   0.0000385200    0.0160212900   -0.0008434600
  -0.0002656900    0.0139998000   -0.0002515700
   0.0000852800    0.0143472100   -0.0001209400
   0.0002024400    0.0141290100   -0.0000736600
   0.0032748900   -0.0386231300   -0.0218903800
   0.0035736500   -0.0389065400   -0.0208565500
   0.0031197200   -0.0386104900   -0.0205955900
   0.0036010400   -0.0389062100   -0.0208352900
   0.0035406400    0.0389086500   -0.0206695900
   0.0037724600    0.0389065400   -0.0210802000
   0.0036209200    0.0389265200   -0.0207797100
   0.0035825200    0.0389260700   -0.0208859000
  -0.0036436600    0.0388135500    0.0206511800
  -0.0035681400    0.0385387100    0.0211965100
  -0.0034462000    0.0389269400    0.0209312100
  -0.0037301300    0.0385764500    0.0208015000
  -0.0035661100   -0.0390228700    0.0208889300
  -0.0034757400   -0.0389652000    0.0209892900
  -0.0035154400   -0.0386193700    0.0208532900
  -0.0032078900   -0.0391139900    0.0205676500
  -0.0000460300   -0.0141079900   -0.0000369200
   0.0001993800   -0.0145422300   -0.0006469300
  -0.0000592200   -0.0141771300   -0.0000869400
  -0.0038392000   -0.0177682600    0.0027384400
  -0.0000401500    0.0139907500   -0.0000320100
   0.0164176900   -0.0214439100    0.0343353500
   0.0000477000    0.0141723200    0.0000421300
  -0.0002337600    0.0144572200    0.0001422000
   0.0034649100   -0.0391291400   -0.0208849600
   0.0036122700   -0.0386944800   -0.0207176800
   0.0035215400   -0.0386905300   -0.0207984500
   0.0038562900   -0.0391246600   -0.0208839900
   0.0000062200    0.0050208600    0.0000908100
  -0.0000142500    0.0049752200    0.0000500800
   0.0011683300    0.0043332100    0.0006325800
   0.0010633200    0.0057814400   -0.0005355800
  -0.0013835800   -0.0062654300    0.0006222700
   0.0000788300   -0.0048974400    0.0004324100
   0.0003039700   -0.0050292900    0.0003755300
  -0.0002217700   -0.0049649900   -0.0000829300
  -0.0000166100    0.0050159800    0.0000159900
  -0.0000104000    0.0050689400    0.0000255500
   0.0001197200    0.0050506300   -0.0000248800
   0.0010470600    0.0033531100   -0.0007527200
   0.0000919700   -0.0050888000    0.0000515300
  -0.0012126800   -0.0079599300   -0.0010113200
   0.0000232000   -0.0050164500    0.0000483800
  -0.0001006400   -0.0051008300    0.0001249800
  -0.0029327400    0.0173456700    0.0258507200
  -0.0030189500    0.0173656900    0.0259030100
  -0.0041699300    0.0164006900    0.0190537100
  -0.0030631100    0.0173860800    0.0260256200
   0.0030296000    0.0173596000   -0.0260005600
   0.0031149800    0.0173643800   -0.0257717100
   0.0029104700    0.0174085600   -0.0258641400
   0.0057681700    0.0209192300   -0.0251238100
   0.0184618700   -0.0534816600    0.0049596300
  -0.0029839900   -0.0174468600    0.0259363500
  -0.0029478300   -0.0173745900    0.0259641300
  -0.0030268800   -0.0173767000    0.0259587100
   0.0031078400   -0.0176859600   -0.0261397000
   0.0021448900   -0.0175760200   -0.0261414100
   0.0028638000   -0.0173266900   -0.0259549400
   0.0031421300   -0.0172169200   -0.0256676000
  -0.0030585700    0.0173996600    0.0258757800
  -0.0028089000    0.0174540000    0.0260370500
  -0.0032032900    0.0173938400    0.0260017200
  -0.0023485500    0.0173109900    0.0267383100
   0.0028228000    0.0173633700   -0.0260992900
   0.0029520200    0.0174211200   -0.0260400900
   0.0033220300    0.0161657000   -0.0253996600
   0.0028261400    0.0173261100   -0.0258700600
  -0.0028600800   -0.0170323700    0.0260885600
  -0.0032231200   -0.0182103800    0.0273872800
  -0.0030889400   -0.0174269200    0.0259183200
  -0.0029306500   -0.0174646200    0.0260752100
   0.0032905100   -0.0186950100   -0.0245387300
   0.0028571500   -0.0173060100   -0.0261734900
   0.0031138700   -0.0176967800   -0.0263826500
   0.0029886700   -0.0174452400   -0.0259998600

1    
 -0.0014445211843416   0.0000000000000000   0.0098951179148097
   0.0237522300    0.0523496200   -0.1343810400
   0.0035403300    0.0389422200   -0.0208344600
   0.0036730000    0.0391266900   -0.0210301900
   0.0035278700    0.0389439500   -0.0208722900
  -0.0035397800    0.0389754400    0.0208789300
   0.0005024600    0.0402839600    0.0316881600
  -0.0035318200    0.0389213800    0.0209482600
  -0.0031586600    0.0388273500    0.0212936200
  -0.0035399800   -0.0390031900    0.0209431400
  -0.0032413500   -0.0384796300    0.0220883800
  -0.0035121800   -0.0389446100    0.0208483100
  -0.0199166800   -0.0456245900    0.0325421000
   0.0002441300   -0.0142826600   -0.0000374300
  -0.0001614500   -0.0135894000    0.0005722500
   0.0009552400   -0.0132481200    0.0021437000
   0.0000716800   -0.0137353000    0.0001923100
   0.0012937900    0.0138240300   -0.0016560100
  -0.0002104700    0.0140144700    0.0007532700
   0.0000580300    0.0141434500   -0.0000244800
  -0.0001386700    0.0140127400    0.0000049300
   0.0043579200   -0.0385841300   -0.0174662300
   0.0034997000   -0.0388803900   -0.0208960800
   0.0024148200   -0.0398531400   -0.0178292000
   0.0035233300   -0.0388971700   -0.0208926200
   0.0034284100    0.0391409800   -0.0212770400
   0.0038160400    0.0387014300   -0.0212277600
   0.0034831100    0.0389277700   -0.0208379200
   0.0036134700    0.0388272900   -0.0208189200
  -0.0031566200    0.0386991100    0.0211902700
  -0.0035963700    0.0392331000    0.0200686100
  -0.0034819100    0.0389519500    0.0208165100
  -0.0034346400    0.0388665200    0.0210155400
  -0.0035643500   -0.0389283000    0.0208344900
  -0.0035514600   -0.0390132100    0.0204745800
  -0.0035823000   -0.0388823700    0.0212153800
  -0.0036352300   -0.0385587800    0.0211751300
  -0.0000049500   -0.0140736500   -0.0000037700
   0.0002826600   -0.0156919800   -0.0002368700
   0.0000707300   -0.0142033200    0.0000647300
  -0.0050326500   -0.0194732800    0.0036627300
   0.0001662600    0.0140434200   -0.0000537200
   0.0141644800   -0.0111584700    0.0511014400
   0.0000407300    0.0141377600   -0.0000066200
  -0.0002338100    0.0141931700    0.0001585100
   0.0031674300   -0.0389666700   -0.0210496400
   0.0032835600   -0.0388286800   -0.0211250700
   0.0036954400   -0.0387679500   -0.0210688100
   0.0032056300   -0.0389057000   -0.0210442400
  -0.0001317300    0.0050296200   -0.0001217300
   0.0002707800    0.0051314300    0.0001485100
   0.0009320700    0.0047269700    0.0011191600
  -0.0004736700    0.0046634900    0.0002392500
  -0.0004835400   -0.0057002100    0.0002411800
  -0.0002959700   -0.0055516300   -0.0001346600
   0.0001883400   -0.0050971200    0.0006025900
   0.0001998700   -0.0050106400    0.0003612300
   0.0000930400    0.0049824400   -0.0000140100
  -0.0000022000    0.0048014400   -0.0001906100
  -0.0000177800    0.0049871500   -0.0000063400
  -0.0007919100    0.0052922000    0.0001756800
   0.0001450100   -0.0051019100   -0.0000427700
   0.0000106700   -0.0032022400    0.0003616000
   0.0000316500   -0.0050061200    0.0000807500
  -0.0001940100   -0.0049743100    0.0002780800
  -0.0024775600    0.0175149500    0.0262666300
  -0.0031620000    0.0173306700    0.0259803900
  -0.0001551300    0.0201215500    0.0330834600
  -0.0030389300    0.0174042600    0.0258674600
   0.0029618800    0.0173336800   -0.0260081100
   0.0023789900    0.0177126600   -0.0275661600
   0.0031118500    0.0173660700   -0.0260257700
  -0.0003125100    0.0163246100   -0.0254734600
  -0.0225069300    0.0068413900    0.0474009600
  -0.0030372200   -0.0172693000    0.0259603100
  -0.0029018500   -0.0175014400    0.0259906400
  -0.0031057400   -0.0173961200    0.0259029000
   0.0027153200   -0.0175684500   -0.0259359300
   0.0027120700   -0.0180567000   -0.0275957100
   0.0029857000   -0.0172651700   -0.0260044400
   0.0027807400   -0.0175660800   -0.0264768600
  -0.0030195100    0.0173153700    0.0259825200
  -0.0031725800    0.0170520700    0.0258536300
  -0.0031029500    0.0174042400    0.0259910900
  -0.0025405300    0.0175664000    0.0266692000
   0.0031690600    0.0172677900   -0.0259104500
   0.0028681100    0.0172675000   -0.0257652400
   0.0034959000    0.0175883400   -0.0263079400
   0.0030154600    0.0173957100   -0.0260793200
  -0.0030395900   -0.0175043700    0.0260461900
  -0.0011724800   -0.0183533700    0.0243596100
  -0.0030276000   -0.0174328000    0.0259443100
  -0.0029435600   -0.0171819500    0.0257091200
   0.0023608800   -0.0189564600   -0.0250631200
   0.0028968200   -0.0172769500   -0.0257504200
   0.0032825300   -0.0176578500   -0.0261210900
   0.0028935700   -0.0173039400   -0.0260272000

1    
  0.0014445211843416   0.0000000000000000  -0.0098951179148097
  -0.0169629800    0.0263085400    0.0911925500
   0.0035298400    0.0389021000   -0.0209428600
   0.0034047100    0.0387210700   -0.0207474500
   0.0035424000    0.0389004400   -0.0209039300
  -0.0035304300    0.0388694800    0.0208973600
  -0.0075111900    0.0375063900    0.0102607800
  -0.0035381900    0.0389234800    0.0208262500
  -0.0039258100    0.0390239900    0.0204880900
  -0.0035300100   -0.0388420900    0.0208330600
  -0.0038305200   -0.0393696700    0.0197147700
  -0.0035567100   -0.0389010500    0.0209291700
   0.0128110500   -0.0322482500    0.0092714600
  -0.0002419900   -0.0140227100    0.0000413800
   0.0001580700   -0.0147112900   -0.0005609600
  -0.0009690900   -0.0150650300   -0.0021480100
  -0.0000731300   -0.0145775400   -0.0001970900
  -0.0013340500    0.0145202900    0.0016308400
   0.0002089400    0.0142908700   -0.0007608500
  -0.0000587200    0.0141626400    0.0000210200
   0.0001399600    0.0142901400   -0.0000057500
   0.0027356500   -0.0392603500   -0.0242575500
   0.0035699600   -0.0389654200   -0.0208798200
   0.0046944800   -0.0379578800   -0.0240513600
   0.0035469000   -0.0389476800   -0.0208831000
   0.0036346500    0.0387042600   -0.0205013400
   0.0032601200    0.0391298400   -0.0205631600
   0.0035860100    0.0389185900   -0.0209383800
   0.0034557000    0.0390165000   -0.0209574300
  -0.0039197700    0.0391337000    0.0205890100
  -0.0034769300    0.0386142000    0.0217077200
  -0.0035884700    0.0388914000    0.0209596700
  -0.0036381800    0.0389828900    0.0207593300
  -0.0035060300   -0.0389180900    0.0209411200
  -0.0035140100   -0.0388348400    0.0213005200
  -0.0034758300   -0.0389579400    0.0205729600
  -0.0034339000   -0.0392875600    0.0205983800
   0.0000054700   -0.0142304400    0.0000045500
  -0.0002795100   -0.0126235500    0.0002378300
  -0.0000707600   -0.0141004700   -0.0000648400
   0.0051019100   -0.0087785800   -0.0036289400
  -0.0001670000    0.0142617900    0.0000522700
  -0.0134635300    0.0382778200   -0.0496727500
  -0.0000403000    0.0141674900    0.0000053700
   0.0002308900    0.0141123700   -0.0001640900
   0.0039002400   -0.0388870900   -0.0207285300
   0.0037849600   -0.0390159000   -0.0206502000
   0.0033747000   -0.0390764600   -0.0207139800
   0.0038795500   -0.0389321700   -0.0207317500
   0.0001310000    0.0050067200    0.0001221600
  -0.0002654600    0.0049100800   -0.0001508700
  -0.0009465200    0.0053143600   -0.0011278900
   0.0004861800    0.0053790100   -0.0002422500
   0.0004655400   -0.0043441300   -0.0002316700
   0.0002921900   -0.0044862900    0.0001355400
  -0.0001869000   -0.0049382200   -0.0005963000
  -0.0002003800   -0.0050237900   -0.0003583800
  -0.0000927800    0.0050541300    0.0000129500
   0.0000013800    0.0052314100    0.0001951300
   0.0000206800    0.0050502000    0.0000060400
   0.0007993400    0.0047323700   -0.0001787400
  -0.0001455400   -0.0049347100    0.0000431800
  -0.0000071000   -0.0068415200   -0.0003734400
  -0.0000302400   -0.0050303900   -0.0000792800
   0.0001892600   -0.0050590700   -0.0002769700
  -0.0035007400    0.0172420700    0.0256902200
  -0.0028223100    0.0174257300    0.0259763600
  -0.0059825000    0.0145069100    0.0185342200
  -0.0029460200    0.0173525300    0.0260892700
   0.0030199800    0.0174230700   -0.0259493200
   0.0035917500    0.0170572800   -0.0244402600
   0.0028681700    0.0173947500   -0.0259311000
   0.0063293300    0.0184587600   -0.0264764300
   0.0161144900   -0.0410933900    0.0047275500
  -0.0029444500   -0.0174878000    0.0259960200
  -0.0030791000   -0.0172553400    0.0259662900
  -0.0028787300   -0.0173610900    0.0260531900
   0.0032666600   -0.0171914300   -0.0260217700
   0.0032798700   -0.0166999800   -0.0243390700
   0.0029957000   -0.0174914600   -0.0259524200
   0.0031992300   -0.0171864400   -0.0254894200
  -0.0029645200    0.0174422400    0.0259737700
  -0.0028129000    0.0177036800    0.0261056300
  -0.0028790900    0.0173512500    0.0259683300
  -0.0034481200    0.0171904600    0.0252670200
   0.0028186300    0.0174894700   -0.0260464500
   0.0031131700    0.0174870800   -0.0261886400
   0.0024839800    0.0171598400   -0.0256469600
   0.0029645100    0.0173579500   -0.0258780300
  -0.0029414900   -0.0172496500    0.0259107700
  -0.0047905300   -0.0164123100    0.0275976400
  -0.0029567600   -0.0173253300    0.0260109600
  -0.0030373200   -0.0175741000    0.0262450600
   0.0036336900   -0.0158201600   -0.0268578700
   0.0030857900   -0.0174791200   -0.0262066000
   0.0027011800   -0.0170994700   -0.0258381700
   0.0030886600   -0.0174544200   -0.0259303300

13   
  0.0099995753073327   0.0000000000000000  -0.0000921611251181
   0.0037574400    0.0389259700   -0.0206092100
   0.0034213700    0.0389539700   -0.0210689400
   0.0045777700    0.0405161500   -0.0197722400
   0.0036967800    0.0397171300   -0.0207942700
  -0.0025015500    0.0373489400    0.0219800900
  -0.0033851300    0.0381222600    0.0209824800
  -0.0033173200    0.0389180300    0.0211654900
  -0.0036503400    0.0388947900    0.0207021300
  -0.0053322700   -0.0389760500    0.0219929000
  -0.0035520000   -0.0386641600    0.0206610700
  -0.0035542600   -0.0390089900    0.0209438600
  -0.0036031900   -0.0391277400    0.0207377200
  -0.1290508900   -0.0152012800   -0.0054339900
   0.0004860200   -0.0141520200    0.0000457100
   0.0000999000   -0.0141522500   -0.0000227900
  -0.0000110900   -0.0141531700   -0.0000918500
   0.0032150400    0.0123578800   -0.0000403000
   0.0000639800    0.0140952200   -0.0000127500
   0.0032143200    0.0159388800   -0.0000311100
   0.0000645500    0.0142098400   -0.0000131600
   0.0017722600   -0.0387962800   -0.0198264900
   0.0035224400   -0.0391895000   -0.0211032100
   0.0035173300   -0.0388356300   -0.0208307100
   0.0034694400   -0.0387205000   -0.0210389200
   0.0035753300    0.0387196300   -0.0205991800
   0.0034920800    0.0389689500   -0.0208993600
  -0.0005854500    0.0428224800   -0.0266558200
   0.0034912900    0.0389800200   -0.0208232400
  -0.0076803400    0.0350575600    0.0151402000
  -0.0035807600    0.0388643500    0.0209520400
  -0.0035006800    0.0391278600    0.0211826700
  -0.0035789700    0.0388780400    0.0208763000
   0.0170757200   -0.0548396000    0.0374559600
  -0.0035397900   -0.0388826200    0.0210557900
  -0.0036967100   -0.0386915300    0.0206290900
  -0.0035374900   -0.0389699000    0.0209283000
   0.0002644900   -0.0142734600   -0.0001080300
   0.0002713800   -0.0140373300   -0.0001229400
   0.0000845100   -0.0142274000    0.0000138700
   0.0000839300   -0.0140768600    0.0000130800
   0.0001083700    0.0144974800    0.0002581300
   0.0002552300    0.0140323300   -0.0002667300
   0.0002543000    0.0142720200   -0.0002664300
   0.0001085400    0.0137973700    0.0002618900
   0.0241863100   -0.0230265600   -0.0044613900
   0.0035326300   -0.0389632500   -0.0207189700
   0.0033782800   -0.0391602000   -0.0211481400
   0.0035334900   -0.0388760000   -0.0208467900
   0.0009569900    0.0050187600   -0.0004605600
   0.0001616000    0.0050174400    0.0000120900
  -0.0001393300    0.0050173500   -0.0005156400
   0.0000729400    0.0050175400   -0.0000527300
  -0.0000039500   -0.0051202800    0.0003735600
   0.0000160000   -0.0049068900    0.0000323700
  -0.0000070200   -0.0049149100    0.0003677800
   0.0000170900   -0.0051270600    0.0000320000
   0.0024986400    0.0058548700    0.0003212300
   0.0025551200    0.0041535700    0.0003298400
   0.0000241900    0.0050336100   -0.0000849600
   0.0000256400    0.0050023700   -0.0000838300
   0.0004001000   -0.0046411000    0.0005068500
   0.0002670900   -0.0051191000   -0.0000360200
   0.0002640400   -0.0049153100   -0.0000370100
   0.0004093500   -0.0053986100    0.0005139000
   0.0372087200    0.0448308600    0.0133927400
  -0.0030547000    0.0173660800    0.0258061900
  -0.0029508300    0.0173551000    0.0260329700
  -0.0030051900    0.0173170000    0.0260984000
   0.0421814600   -0.0090183700   -0.0381943600
   0.0029310700    0.0173890200   -0.0261457300
   0.0030334600    0.0173999000   -0.0259205600
   0.0029785300    0.0174392400   -0.0258560700
  -0.0039038400   -0.0171380100    0.0253476800
  -0.0030817800   -0.0175106500    0.0259105800
  -0.0027084400   -0.0174259200    0.0259459300
  -0.0032163700   -0.0175810600    0.0260137300
   0.0032797600   -0.0173249700   -0.0260037700
   0.0027679200   -0.0171720800   -0.0259423600
   0.0020833500   -0.0176189100   -0.0266047100
   0.0029008800   -0.0172424700   -0.0260415900
  -0.0010001000    0.0197746900    0.0286968000
  -0.0032741200    0.0173611600    0.0259147300
  -0.0029889500    0.0174359200    0.0261609800
  -0.0030572500    0.0173840400    0.0259218800
   0.0049609200    0.0149460400   -0.0232130500
   0.0027124100    0.0173964400   -0.0260414200
   0.0029940000    0.0173208200   -0.0257962900
   0.0029273300    0.0173738100   -0.0260330400
  -0.0026574200   -0.0174504800    0.0261704700
  -0.0031940100   -0.0173766300    0.0259428300
  -0.0027152100   -0.0164493600    0.0253455400
  -0.0029745300   -0.0175212500    0.0259530700
   0.0032686500   -0.0183107800   -0.0266179100
   0.0030110900   -0.0172364600   -0.0260029500
   0.0033178600   -0.0173189400   -0.0258194000
   0.0027905300   -0.0173809400   -0.0260119800

13   
  0.0000000000000000   0.0100000000000000   0.0000000000000000
   0.0035042400    0.0388445600   -0.0210238400
   0.0033021700    0.0392349300   -0.0203569100
   0.0050271500    0.0398996400   -0.0197444100
   0.0028846100    0.0394712500   -0.0205549000
  -0.0050271500    0.0398996400    0.0197444100
  -0.0028846100    0.0394712500    0.0205549000
  -0.0035042400    0.0388445600    0.0210238400
  -0.0033021700    0.0392349300    0.0203569100
  -0.0044377500   -0.0407649000    0.0204264000
  -0.0032288500   -0.0387679300    0.0207906100
  -0.0036165900   -0.0391148400    0.0208667900
  -0.0034793700   -0.0388977700    0.0207561800
   0.0000000000   -0.1581133800    0.0000000000
   0.0000000000   -0.0144958900    0.0000000000
   0.0000000000   -0.0145169800    0.0000000000
   0.0000000000   -0.0140604600    0.0000000000
  -0.0017753100    0.0167415000    0.0008270000
  -0.0000580300    0.0141274200   -0.0000626100
   0.0017753100    0.0167415000   -0.0008270000
   0.0000580300    0.0141274200    0.0000626100
   0.0044377500   -0.0407649000   -0.0204264000
   0.0032288500   -0.0387679300   -0.0207906100
   0.0036165900   -0.0391148400   -0.0208667900
   0.0034793700   -0.0388977700   -0.0207561800
   0.0032078900    0.0393145100   -0.0224828500
   0.0035984800    0.0388767700   -0.0207999700
   0.0023722500    0.0425260700   -0.0264247400
   0.0036124800    0.0389462000   -0.0209281300
  -0.0023722500    0.0425260700    0.0264247400
  -0.0036124800    0.0389462000    0.0209281300
  -0.0032078900    0.0393145100    0.0224828500
  -0.0035984800    0.0388767700    0.0207999700
  -0.0143412300   -0.0037224600   -0.0052108500
  -0.0035152200   -0.0387589100    0.0207816700
  -0.0038645900   -0.0392262600    0.0208812000
  -0.0035251200   -0.0389412900    0.0208743700
   0.0001019400   -0.0140870300   -0.0011220600
  -0.0001019400   -0.0140870300    0.0011220600
   0.0000749000   -0.0139709700    0.0000258100
  -0.0000749000   -0.0139709700   -0.0000258100
   0.0003402100    0.0137439100   -0.0010315600
  -0.0001176900    0.0142703900    0.0001046300
   0.0001176900    0.0142703900   -0.0001046300
  -0.0003402100    0.0137439100    0.0010315600
   0.0143412300   -0.0037224600    0.0052108500
   0.0035152200   -0.0387589100   -0.0207816700
   0.0038645900   -0.0392262600   -0.0208812000
   0.0035251200   -0.0389412900   -0.0208743700
   0.0000000000    0.0076985600    0.0000000000
   0.0000000000    0.0050592600    0.0000000000
   0.0000000000    0.0049787100    0.0000000000
   0.0000000000    0.0050392100    0.0000000000
   0.0000864500   -0.0045824200   -0.0001163500
  -0.0000724900   -0.0050359700    0.0000080100
  -0.0000864500   -0.0045824200    0.0001163500
   0.0000724900   -0.0050359700   -0.0000080100
   0.0014495300    0.0064900100    0.0006325300
  -0.0014495300    0.0064900100   -0.0006325300
  -0.0003079000    0.0050641000   -0.0004418000
   0.0003079000    0.0050641000    0.0004418000
   0.0000230000   -0.0051186000    0.0003434600
  -0.0000233600   -0.0051965600    0.0000740000
   0.0000233600   -0.0051965600   -0.0000740000
  -0.0000230000   -0.0051186000   -0.0003434600
   0.0251306700    0.0438914300    0.0159684600
  -0.0031705400    0.0176078400    0.0258915700
  -0.0029597100    0.0170434600    0.0257187800
  -0.0029239700    0.0172705900    0.0259597600
  -0.0251306700    0.0438914300   -0.0159684600
   0.0031705400    0.0176078400   -0.0258915700
   0.0029597100    0.0170434600   -0.0257187800
   0.0029239700    0.0172705900   -0.0259597600
  -0.0023556300   -0.0174136800    0.0261933300
  -0.0029317100   -0.0173956700    0.0258419100
  -0.0028324000   -0.0172158900    0.0260759600
  -0.0030010900   -0.0174878900    0.0258936300
   0.0028324000   -0.0172158900   -0.0260759600
   0.0030010900   -0.0174878900   -0.0258936300
   0.0023556300   -0.0174136800   -0.0261933300
   0.0029317100   -0.0173956700   -0.0258419100
  -0.0007217800    0.0204500200    0.0288501900
  -0.0026791900    0.0171597500    0.0258534100
  -0.0029322500    0.0175925100    0.0262636200
  -0.0030772100    0.0174011200    0.0259964200
   0.0007217800    0.0204500200   -0.0288501900
   0.0026791900    0.0171597500   -0.0258534100
   0.0029322500    0.0175925100   -0.0262636200
   0.0030772100    0.0174011200   -0.0259964200
  -0.0019486800   -0.0184390900    0.0296686800
  -0.0029180700   -0.0174003800    0.0259049900
  -0.0030926500   -0.0179709700    0.0266029300
  -0.0029869700   -0.0172529900    0.0261018600
   0.0030926500   -0.0179709700   -0.0266029300
   0.0029869700   -0.0172529900   -0.0261018600
   0.0019486800   -0.0184390900   -0.0296686800
   0.0029180700   -0.0174003800   -0.0259049900

13   
  0.0000000000000000  -0.0100000000000000   0.0000000000000000
   0.0035701800    0.0389980600   -0.0207517900
   0.0037665500    0.0386104700   -0.0214231800
   0.0020517400    0.0379518200   -0.0220152400
   0.0041877100    0.0383838000   -0.0212162100
  -0.0020517400    0.0379518200    0.0220152400
  -0.0041877100    0.0383838000    0.0212162100
  -0.0035701800    0.0389980600    0.0207517900
  -0.0037665500    0.0386104700    0.0214231800
  -0.0026962400   -0.0370498300    0.0213843200
  -0.0038429600   -0.0390765900    0.0209805300
  -0.0034532500   -0.0387281200    0.0209102400
  -0.0035921700   -0.0389466700    0.0210202900
   0.0000000000    0.1300929800    0.0000000000
   0.0000000000   -0.0138100200    0.0000000000
   0.0000000000   -0.0137871100    0.0000000000
   0.0000000000   -0.0142463100    0.0000000000
   0.0017901800    0.0115334900   -0.0008436200
   0.0000576700    0.0141807200    0.0000619300
  -0.0017901800    0.0115334900    0.0008436200
  -0.0000576700    0.0141807200   -0.0000619300
   0.0026962400   -0.0370498300   -0.0213843200
   0.0038429600   -0.0390765900   -0.0209805300
   0.0034532500   -0.0387281200   -0.0209102400
   0.0035921700   -0.0389466700   -0.0210202900
   0.0038658200    0.0385265800   -0.0192862300
   0.0034733100    0.0389679200   -0.0209770500
   0.0046975600    0.0352886400   -0.0152774900
   0.0034564300    0.0388994600   -0.0208473800
  -0.0046975600    0.0352886400    0.0152774900
  -0.0034564300    0.0388994600    0.0208473800
  -0.0038658200    0.0385265800    0.0192862300
  -0.0034733100    0.0389679200    0.0209770500
   0.0076417200   -0.0745395400    0.0479508000
  -0.0035561900   -0.0390853300    0.0209967700
  -0.0032036100   -0.0386183300    0.0208963900
  -0.0035459600   -0.0389034300    0.0209017100
  -0.0001135900   -0.0142292400    0.0011393700
   0.0001135900   -0.0142292400   -0.0011393700
  -0.0000760700   -0.0143366200   -0.0000260900
   0.0000760700   -0.0143366200    0.0000260900
  -0.0003408300    0.0145613600    0.0010352200
   0.0001200800    0.0140354000   -0.0001062400
  -0.0001200800    0.0140354000    0.0001062400
   0.0003408300    0.0145613600   -0.0010352200
  -0.0076417200   -0.0745395400   -0.0479508000
   0.0035561900   -0.0390853300   -0.0209967700
   0.0032036100   -0.0386183300   -0.0208963900
   0.0035459600   -0.0389034300   -0.0209017100
   0.0000000000    0.0023972200    0.0000000000
   0.0000000000    0.0049782800    0.0000000000
   0.0000000000    0.0050608200    0.0000000000
   0.0000000000    0.0050000300    0.0000000000
  -0.0000927700   -0.0054622100    0.0001166900
   0.0000742400   -0.0050033400   -0.0000084100
   0.0000927700   -0.0054622100   -0.0001166900
  -0.0000742400   -0.0050033400    0.0000084100
  -0.0014419500    0.0035611800   -0.0006318100
   0.0014419500    0.0035611800    0.0006318100
   0.0003087900    0.0049753500    0.0004461400
  -0.0003087900    0.0049753500   -0.0004461400
  -0.0000270500   -0.0049217800   -0.0003482300
   0.0000247300   -0.0048411900   -0.0000749500
  -0.0000247300   -0.0048411900    0.0000749500
   0.0000270500   -0.0049217800    0.0003482300
  -0.0304151800   -0.0088155800    0.0357792600
  -0.0028142600    0.0171501600    0.0260658800
  -0.0030240900    0.0177148100    0.0262382200
  -0.0030603500    0.0174874500    0.0259964000
   0.0304151800   -0.0088155800   -0.0357792600
   0.0028142600    0.0171501600   -0.0260658800
   0.0030240900    0.0177148100   -0.0262382200
   0.0030603500    0.0174874500   -0.0259964000
  -0.0036340900   -0.0173439500    0.0257577500
  -0.0030521800   -0.0173610700    0.0261142100
  -0.0031559700   -0.0175352300    0.0258827200
  -0.0029834300   -0.0172720900    0.0260620400
   0.0031559700   -0.0175352300   -0.0258827200
   0.0029834300   -0.0172720900   -0.0260620400
   0.0036340900   -0.0173439500   -0.0257577500
   0.0030521800   -0.0173610700   -0.0261142100
  -0.0052996600    0.0142482500    0.0230660700
  -0.0033032200    0.0175948300    0.0261038900
  -0.0030525600    0.0171640400    0.0256918300
  -0.0029060600    0.0173563200    0.0259600600
   0.0052996600    0.0142482500   -0.0230660700
   0.0033032200    0.0175948300   -0.0261038900
   0.0030525600    0.0171640400   -0.0256918300
   0.0029060600    0.0173563200   -0.0259600600
  -0.0040377700   -0.0163200600    0.0222733300
  -0.0030668200   -0.0173570600    0.0260516000
  -0.0028818300   -0.0167801200    0.0253432600
  -0.0029954600   -0.0175057000    0.0258555200
   0.0028818300   -0.0167801200   -0.0253432600
   0.0029954600   -0.0175057000   -0.0258555200
   0.0040377700   -0.0163200600   -0.0222733300
   0.0030668200   -0.0173570600   -0.0260516000

13   
 -0.0014445211843416   0.0000000000000000   0.0098951179148097
   0.0036234700    0.0387087600   -0.0209488500
   0.0038304000    0.0388916500   -0.0202557500
   0.0044446800    0.0387589800   -0.0187601000
   0.0037878800    0.0388797500   -0.0206686500
  -0.0026263800    0.0390890700    0.0230365200
  -0.0032937800    0.0389675300    0.0211092700
  -0.0034540300    0.0391354900    0.0208241300
  -0.0032366800    0.0389569200    0.0215225400
  -0.0051975700   -0.0380409200    0.0188213800
  -0.0034025900   -0.0387154600    0.0216962400
  -0.0034226900   -0.0387910700    0.0208739700
  -0.0035363900   -0.0388244800    0.0209136400
   0.0119961700   -0.0129220500   -0.1358767400
  -0.0000250100   -0.0141527200    0.0001185900
  -0.0000407500   -0.0141533500   -0.0002859200
  -0.0000904600   -0.0141531100   -0.0000111800
  -0.0004575100    0.0152142000    0.0030314900
  -0.0000205800    0.0140993200    0.0000016000
  -0.0004837900    0.0130463500    0.0030398000
  -0.0000214600    0.0142058300   -0.0000001700
   0.0019060800   -0.0397533500   -0.0229718500
   0.0036680600   -0.0391300900   -0.0200818500
   0.0036476400   -0.0390547600   -0.0209033700
   0.0035366900   -0.0390257300   -0.0208619600
   0.0032941900    0.0395922600   -0.0212038800
   0.0034860500    0.0389541400   -0.0208983300
   0.0026100400    0.0356360100   -0.0166130700
   0.0034552500    0.0390005200   -0.0208445000
  -0.0045210600    0.0421812600    0.0251063000
  -0.0036160100    0.0388459100    0.0209302200
  -0.0037890700    0.0382525200    0.0205752200
  -0.0035844800    0.0388926100    0.0208774700
   0.0081692200   -0.0707202000    0.0716451900
  -0.0035878900   -0.0388981300    0.0208031300
  -0.0035849200   -0.0390994100    0.0210755100
  -0.0035225800   -0.0389583900    0.0208777000
  -0.0001507700   -0.0130223900    0.0012323500
  -0.0001344900   -0.0152912900    0.0012249900
   0.0000001000   -0.0141673100    0.0000037400
   0.0000002000   -0.0141377900    0.0000040900
   0.0002430400    0.0130800900   -0.0000303000
  -0.0003005200    0.0142733700   -0.0001753200
  -0.0003017300    0.0140304300   -0.0001710100
   0.0002418400    0.0152235500   -0.0000302100
   0.0145403900   -0.0083943300    0.0284109600
   0.0034849200   -0.0389480200   -0.0209725000
   0.0034937700   -0.0387490100   -0.0206980500
   0.0035480600   -0.0388880300   -0.0208975400
   0.0003654000    0.0050112100    0.0006130700
  -0.0004146400    0.0050174500   -0.0000418900
  -0.0001021200    0.0050150500    0.0002014200
   0.0000507900    0.0050177700    0.0000477800
   0.0002634600   -0.0048449800    0.0006937400
  -0.0000474300   -0.0049545600   -0.0000061500
   0.0002628700   -0.0051879900    0.0007053300
  -0.0000472300   -0.0050802900   -0.0000072100
  -0.0006012300    0.0054571600    0.0001862100
  -0.0006077000    0.0045787200    0.0001878600
   0.0000021300    0.0050561400    0.0000180000
   0.0000006200    0.0049772400    0.0000145100
  -0.0004375300   -0.0052254300   -0.0006510000
   0.0002490000   -0.0050943300   -0.0000549400
   0.0002465200   -0.0049416700   -0.0000558600
  -0.0004271400   -0.0048163300   -0.0006485000
  -0.0199246300    0.0048598400    0.0363573200
  -0.0028094600    0.0173365500    0.0259018000
  -0.0029819100    0.0174486200    0.0260383200
  -0.0030386900    0.0173761600    0.0258623500
  -0.0141066100    0.0299993500   -0.0157165400
   0.0031745100    0.0174198500   -0.0260517100
   0.0030034800    0.0173093900   -0.0259162900
   0.0029455200    0.0173824500   -0.0260946300
  -0.0026581300   -0.0173420600    0.0258586100
  -0.0029378800   -0.0171103600    0.0259615700
  -0.0030190700   -0.0175620500    0.0262686100
  -0.0029679300   -0.0175466400    0.0259213200
   0.0029667400   -0.0171900400   -0.0256892200
   0.0030166700   -0.0172077100   -0.0260379200
   0.0033373800   -0.0174122500   -0.0260816100
   0.0030438600   -0.0176447200   -0.0259930900
  -0.0011131800    0.0175719700    0.0216351100
  -0.0025918100    0.0176919900    0.0259587800
  -0.0030229700    0.0174418000    0.0258893700
  -0.0029922600    0.0173355300    0.0260180500
   0.0048818500    0.0171889000   -0.0303250300
   0.0033927800    0.0170666600   -0.0259981500
   0.0029570900    0.0173135100   -0.0260682900
   0.0029918100    0.0174210900   -0.0259361200
  -0.0028314400   -0.0176666500    0.0267602700
  -0.0029433600   -0.0173296600    0.0259872100
  -0.0036769800   -0.0173246700    0.0269287900
  -0.0029726000   -0.0173201400    0.0259769600
   0.0023169700   -0.0174414000   -0.0250345800
   0.0030121000   -0.0174377600   -0.0259792900
   0.0031458500   -0.0171104100   -0.0252314100
   0.0030415700   -0.0174274000   -0.0259678300

49   
  0.0099995753073327   0.0000000000000000  -0.0000921611251181
   0.0035857600    0.0389165900   -0.0210125200
   0.0036750500    0.0389364600   -0.0205975700
   0.0038911900    0.0377386900   -0.0198873900
   0.0039452400    0.0378585600   -0.0213118000
  -0.0031860800    0.0400852900    0.0218676500
  -0.0031169600    0.0399978200    0.0204582700
  -0.0034828000    0.0389278300    0.0207643400
  -0.0033946100    0.0389074400    0.0211777100
  -0.0022179900   -0.0375430800    0.0206110800
  -0.0031042100   -0.0389903700    0.0206500600
  -0.0035748500   -0.0392211800    0.0210672400
  -0.0035184700   -0.0387004100    0.0210880500
   0.0009655100   -0.0141520400    0.0005053400
   0.0001576600   -0.0141514700   -0.0003946900
  -0.0001360400   -0.0141535300   -0.0001241600
   0.0000737800   -0.0141524700    0.0000623600
  -0.0000051200    0.0142439300    0.0002592100
   0.0000162100    0.0140788700   -0.0000466400
  -0.0000077700    0.0140625900    0.0002557400
   0.0000156300    0.0142261300   -0.0000462600
   0.0048817900   -0.0403148300   -0.0211858900
   0.0039635400   -0.0388474100   -0.0211164200
   0.0034941400   -0.0386251100   -0.0207108800
   0.0035523800   -0.0391423300   -0.0206853900
   0.0033965900    0.0389329000   -0.0209083400
   0.0037502800    0.0389398800   -0.0207630100
   0.0044715700    0.0378803900   -0.0215480200
   0.0035841900    0.0388038700   -0.0209003200
  -0.0025921000    0.0399751600    0.0202109900
  -0.0034851400    0.0390412700    0.0208760300
  -0.0036678900    0.0389131800    0.0208687300
  -0.0033197000    0.0389054900    0.0210137700
  -0.0028802400   -0.0377052600    0.0209894800
  -0.0034462400   -0.0390120300    0.0210475100
  -0.0036132100   -0.0388221000    0.0206809300
  -0.0034733000   -0.0389440700    0.0209278200
   0.0024822800   -0.0155852800   -0.0002437000
   0.0025607100   -0.0127056800   -0.0002434800
   0.0000252400   -0.0138475900    0.0000056100
   0.0000254900   -0.0144561600    0.0000061000
   0.0003945000    0.0141737100   -0.0003757600
   0.0002689600    0.0141283100    0.0002902500
   0.0002682800    0.0141777600    0.0002879200
   0.0003989100    0.0141299800   -0.0003719300
   0.0041780700   -0.0401317100   -0.0207888700
   0.0036224400   -0.0388299200   -0.0207274800
   0.0034543100   -0.0390236100   -0.0210966200
   0.0035966800   -0.0389004800   -0.0208486500
  -0.0212648600    0.0049735100   -0.0015995500
   0.0011159900    0.0050152700    0.0002652700
  -0.0002544600    0.0050182700   -0.0000897200
   0.0002058400    0.0050178700    0.0000747000
  -0.0006972600   -0.0049370100   -0.0001602900
   0.0006375900   -0.0051233900    0.0000526400
  -0.0006960400   -0.0050976800   -0.0001640300
   0.0006361400   -0.0049131100    0.0000542500
   0.0021682100    0.0049276700   -0.0000060600
   0.0021686900    0.0051071700   -0.0000080200
   0.0000234200    0.0050792900    0.0000261000
   0.0000216600    0.0049572800    0.0000256100
   0.0000353700   -0.0050766400    0.0002112700
   0.0000255000   -0.0049870300   -0.0001608200
   0.0000280500   -0.0050494500   -0.0001590800
   0.0000295600   -0.0049614300    0.0002090100
  -0.0020868500    0.0164873000    0.0252211700
  -0.0038068200    0.0175466600    0.0259911400
  -0.0027585300    0.0174253800    0.0261089700
  -0.0031876800    0.0173253200    0.0258418100
   0.0038284300    0.0181433600   -0.0267075600
   0.0021767300    0.0172090200   -0.0259650600
   0.0032228500    0.0173321800   -0.0258495200
   0.0027956000    0.0174313700   -0.0261149000
  -0.0027160100   -0.0174641200    0.0264862200
  -0.0033256700   -0.0172821500    0.0256555400
  -0.0025433600   -0.0177591300    0.0264344800
  -0.0032246400   -0.0169026100    0.0261346100
   0.0034277300   -0.0169975800   -0.0255603600
   0.0027602900   -0.0178577200   -0.0258180200
   0.0032618100   -0.0172936700   -0.0254717300
   0.0026586600   -0.0174755300   -0.0263026200
  -0.0020872900    0.0157434100    0.0266934800
  -0.0038325300    0.0168824000    0.0258887300
  -0.0028760700    0.0174316800    0.0260185400
  -0.0031423000    0.0173149700    0.0259127100
   0.0039937300    0.0191807500   -0.0252087300
   0.0021484100    0.0178605200   -0.0260666900
   0.0031079900    0.0173248100   -0.0259371100
   0.0028390200    0.0174422200   -0.0260451700
  -0.0028472700   -0.0173902300    0.0256198300
  -0.0032320000   -0.0172954400    0.0259789000
  -0.0031425600   -0.0175366100    0.0264779600
  -0.0033909100   -0.0173494000    0.0258629400
   0.0028449100   -0.0172178400   -0.0254782700
   0.0025891200   -0.0174069900   -0.0260940500
   0.0031387500   -0.0173657500   -0.0263348300
   0.0027493800   -0.0174611500   -0.0259800900

49   
  0.0000000000000000   0.0100000000000000   0.0000000000000000
   0.0035972600    0.0389214100   -0.0208667200
   0.0036503200    0.0389662400   -0.0207586200
   0.0032558500    0.0396136200   -0.0212258100
   0.0037333800    0.0381619800   -0.0212189200
  -0.0032558500    0.0396136200    0.0212258100
  -0.0037333800    0.0381619800    0.0212189200
  -0.0035972600    0.0389214100    0.0208667200
  -0.0036503200    0.0389662400    0.0207586200
  -0.0023240600   -0.0376691800    0.0203865100
  -0.0035802600   -0.0390397300    0.0203460500
  -0.0036091900   -0.0389141300    0.0207998500
  -0.0035034400   -0.0389768700    0.0208978200
   0.0000000000   -0.0115527000    0.0000000000
   0.0000000000   -0.0141120900    0.0000000000
   0.0000000000   -0.0141952300    0.0000000000
   0.0000000000   -0.0141330300    0.0000000000
  -0.0000977300    0.0145934000    0.0001582700
   0.0001101100    0.0141368600    0.0000790200
   0.0000977300    0.0145934000   -0.0001582700
  -0.0001101100    0.0141368600   -0.0000790200
   0.0023240600   -0.0376691800   -0.0203865100
   0.0035802600   -0.0390397300   -0.0203460500
   0.0036091900   -0.0389141300   -0.0207998500
   0.0035034400   -0.0389768700   -0.0208978200
   0.0034376400    0.0388731000   -0.0211216600
   0.0034904500    0.0389260300   -0.0209305800
   0.0025091500    0.0405938500   -0.0207400500
   0.0035113000    0.0388922800   -0.0209234100
  -0.0025091500    0.0405938500    0.0207400500
  -0.0035113000    0.0388922800    0.0209234100
  -0.0034376400    0.0388731000    0.0211216600
  -0.0034904500    0.0389260300    0.0209305800
  -0.0027825300   -0.0359482600    0.0228466200
  -0.0034300100   -0.0388522600    0.0208199500
  -0.0034679600   -0.0388415500    0.0209410500
  -0.0035175300   -0.0389252300    0.0209031600
  -0.0008552400   -0.0126884000   -0.0005694500
   0.0008552400   -0.0126884000    0.0005694500
  -0.0000162300   -0.0141064800   -0.0000424400
   0.0000162300   -0.0141064800    0.0000424400
   0.0003779900    0.0140561900   -0.0001566700
  -0.0001020500    0.0139747200   -0.0000929100
   0.0001020500    0.0139747200    0.0000929100
  -0.0003779900    0.0140561900    0.0001566700
   0.0027825300   -0.0359482600   -0.0228466200
   0.0034300100   -0.0388522600   -0.0208199500
   0.0034679600   -0.0388415500   -0.0209410500
   0.0035175300   -0.0389252300   -0.0209031600
   0.0000000000   -0.0186096500    0.0000000000
   0.0000000000    0.0047384000    0.0000000000
   0.0000000000    0.0049092400    0.0000000000
   0.0000000000    0.0050016800    0.0000000000
   0.0000801300   -0.0044675500    0.0000276700
  -0.0001045800   -0.0049073400    0.0000033900
  -0.0000801300   -0.0044675500   -0.0000276700
   0.0001045800   -0.0049073400   -0.0000033900
   0.0000929000    0.0073603600    0.0008104200
  -0.0000929000    0.0073603600   -0.0008104200
  -0.0000616900    0.0050372600   -0.0000513500
   0.0000616900    0.0050372600    0.0000513500
  -0.0000590900   -0.0051446000   -0.0001718100
   0.0000314500   -0.0050659000   -0.0000075800
  -0.0000314500   -0.0050659000    0.0000075800
   0.0000590900   -0.0051446000    0.0001718100
  -0.0031569600    0.0172258100    0.0269819700
  -0.0029881100    0.0172522100    0.0258428200
  -0.0030319200    0.0173310700    0.0259500100
  -0.0029692600    0.0173699500    0.0259306700
   0.0031569600    0.0172258100   -0.0269819700
   0.0029881100    0.0172522100   -0.0258428200
   0.0030319200    0.0173310700   -0.0259500100
   0.0029692600    0.0173699500   -0.0259306700
  -0.0031036500   -0.0173194300    0.0258056100
  -0.0029955200   -0.0173131200    0.0258873300
  -0.0028494600   -0.0174181600    0.0265242200
  -0.0028433400   -0.0170766600    0.0260703700
   0.0028494600   -0.0174181600   -0.0265242200
   0.0028433400   -0.0170766600   -0.0260703700
   0.0031036500   -0.0173194300   -0.0258056100
   0.0029955200   -0.0173131200   -0.0258873300
  -0.0042957900    0.0187505500    0.0256469300
  -0.0030448500    0.0169941100    0.0258812000
  -0.0029086900    0.0174301800    0.0260812400
  -0.0030383400    0.0173723700    0.0259504600
   0.0042957900    0.0187505500   -0.0256469300
   0.0030448500    0.0169941100   -0.0258812000
   0.0029086900    0.0174301800   -0.0260812400
   0.0030383400    0.0173723700   -0.0259504600
  -0.0026853500   -0.0175457100    0.0266041500
  -0.0030035100   -0.0174018500    0.0260309700
  -0.0024926700   -0.0178281900    0.0262166600
  -0.0029930000   -0.0174062700    0.0259040700
   0.0024926700   -0.0178281900   -0.0262166600
   0.0029930000   -0.0174062700   -0.0259040700
   0.0026853500   -0.0175457100   -0.0266041500
   0.0030035100   -0.0174018500   -0.0260309700

49   
  0.0000000000000000  -0.0100000000000000   0.0000000000000000
   0.0034743500    0.0389240100   -0.0209073500
   0.0034187300    0.0388791200   -0.0210156200
   0.0038274800    0.0382260300   -0.0205481000
   0.0033395700    0.0396862600   -0.0205527800
  -0.0038274800    0.0382260300    0.0205481000
  -0.0033395700    0.0396862600    0.0205527800
  -0.0034743500    0.0389240100    0.0209073500
  -0.0034187300    0.0388791200    0.0210156200
  -0.0047701400   -0.0401783800    0.0213993800
  -0.0034886400   -0.0388005100    0.0214354600
  -0.0034622000   -0.0389354100    0.0209812700
  -0.0035683200   -0.0388686800    0.0208744600
   0.0000000000   -0.0168548700    0.0000000000
   0.0000000000   -0.0141932300    0.0000000000
   0.0000000000   -0.0141128000    0.0000000000
   0.0000000000   -0.0141723600    0.0000000000
   0.0001048000    0.0137130800   -0.0001588000
  -0.0001112100    0.0141691600   -0.0000804600
  -0.0001048000    0.0137130800    0.0001588000
   0.0001112100    0.0141691600    0.0000804600
   0.0047701400   -0.0401783800   -0.0213993800
   0.0034886400   -0.0388005100   -0.0214354600
   0.0034622000   -0.0389354100   -0.0209812700
   0.0035683200   -0.0388686800   -0.0208744600
   0.0036273000    0.0389710800   -0.0206589000
   0.0035802600    0.0389188900   -0.0208443500
   0.0045503700    0.0372818800   -0.0210074600
   0.0035583900    0.0389540300   -0.0208521400
  -0.0045503700    0.0372818800    0.0210074600
  -0.0035583900    0.0389540300    0.0208521400
  -0.0036273000    0.0389710800    0.0206589000
  -0.0035802600    0.0389188900    0.0208443500
  -0.0042887200   -0.0418621600    0.0189480400
  -0.0036409700   -0.0389934800    0.0209574400
  -0.0035997200   -0.0390043300    0.0208354900
  -0.0035530400   -0.0389203900    0.0208726700
   0.0008562900   -0.0156171800    0.0005681600
  -0.0008562900   -0.0156171800   -0.0005681600
   0.0000157500   -0.0141953800    0.0000419700
  -0.0000157500   -0.0141953800   -0.0000419700
  -0.0003767200    0.0142524700    0.0001464400
   0.0001034500    0.0143296400    0.0000913000
  -0.0001034500    0.0143296400   -0.0000913000
   0.0003767200    0.0142524700   -0.0001464400
   0.0042887200   -0.0418621600   -0.0189480400
   0.0036409700   -0.0389934800   -0.0209574400
   0.0035997200   -0.0390043300   -0.0208354900
   0.0035530400   -0.0389203900   -0.0208726700
   0.0000000000    0.0285792300    0.0000000000
   0.0000000000    0.0052960400    0.0000000000
   0.0000000000    0.0051261500    0.0000000000
   0.0000000000    0.0050349700    0.0000000000
  -0.0000811400   -0.0055625100   -0.0000312700
   0.0001057200   -0.0051292000   -0.0000024700
   0.0000811400   -0.0055625100    0.0000312700
  -0.0001057200   -0.0051292000    0.0000024700
  -0.0001016800    0.0026730000   -0.0008130700
   0.0001016800    0.0026730000    0.0008130700
   0.0000612800    0.0049995100    0.0000506200
  -0.0000612800    0.0049995100   -0.0000506200
   0.0000593100   -0.0048944400    0.0001707500
  -0.0000307400   -0.0049713500    0.0000077900
   0.0000307400   -0.0049713500   -0.0000077900
  -0.0000593100   -0.0048944400   -0.0001707500
  -0.0027317800    0.0174329500    0.0249304200
  -0.0029948300    0.0175042300    0.0261150000
  -0.0029528100    0.0174254200    0.0260053900
  -0.0030146400    0.0173868600    0.0260251000
   0.0027317800    0.0174329500   -0.0249304200
   0.0029948300    0.0175042300   -0.0261150000
   0.0029528100    0.0174254200   -0.0260053900
   0.0030146400    0.0173868600   -0.0260251000
  -0.0028801700   -0.0174385700    0.0261474100
  -0.0029885800   -0.0174443900    0.0260684500
  -0.0031242800   -0.0173380200    0.0254563700
  -0.0031407500   -0.0176808300    0.0258847900
   0.0031242800   -0.0173380200   -0.0254563700
   0.0031407500   -0.0176808300   -0.0258847900
   0.0028801700   -0.0174385700   -0.0261474100
   0.0029885800   -0.0174443900   -0.0260684500
  -0.0018596000    0.0161219800    0.0262564100
  -0.0029389800    0.0177671500    0.0260753100
  -0.0030736500    0.0173277000    0.0258757600
  -0.0029452200    0.0173849800    0.0260053900
   0.0018596000    0.0161219800   -0.0262564100
   0.0029389800    0.0177671500   -0.0260753100
   0.0030736500    0.0173277000   -0.0258757600
   0.0029452200    0.0173849800   -0.0260053900
  -0.0032938100   -0.0172128800    0.0253629500
  -0.0029807000   -0.0173547500    0.0259243700
  -0.0034846100   -0.0169264100    0.0257334800
  -0.0029900700   -0.0173517800    0.0260509000
   0.0034846100   -0.0169264100   -0.0257334800
   0.0029900700   -0.0173517800   -0.0260509000
   0.0032938100   -0.0172128800   -0.0253629500
   0.0029807000   -0.0173547500   -0.0259243700

49   
 -0.0014445211843416   0.0000000000000000   0.0098951179148097
   0.0035393100    0.0388332700   -0.0209896100
   0.0035810900    0.0388717400   -0.0207703000
   0.0042941900    0.0384586900   -0.0197872800
   0.0031039000    0.0396052900   -0.0206411200
  -0.0027975800    0.0393793700    0.0219785500
  -0.0039606900    0.0382395400    0.0211378100
  -0.0035330300    0.0390114100    0.0207851200
  -0.0034917300    0.0389747200    0.0210047200
  -0.0040181100   -0.0397336400    0.0211267600
  -0.0034226200   -0.0393420300    0.0208134900
  -0.0036363300   -0.0392428300    0.0214441000
  -0.0033850200   -0.0388722800    0.0212427400
  -0.0005893200   -0.0141514800    0.0004748800
  -0.0000108800   -0.0141554600    0.0000184700
  -0.0004885700   -0.0141509500    0.0001465300
  -0.0000622900   -0.0141535800    0.0000328900
   0.0003707400    0.0140312100    0.0006986900
   0.0000291700    0.0141723600    0.0000033200
   0.0003769200    0.0142878400    0.0007300900
   0.0000288900    0.0141347700    0.0000025800
   0.0030555900   -0.0381105200   -0.0206556600
   0.0036513700   -0.0385074100   -0.0209642500
   0.0034341000   -0.0386000600   -0.0203291100
   0.0036857000   -0.0389731300   -0.0205373600
   0.0029005900    0.0388994900   -0.0211716600
   0.0035371400    0.0389042500   -0.0209146100
   0.0028672100    0.0398127300   -0.0206917400
   0.0035379900    0.0389641900   -0.0208909900
  -0.0041961100    0.0380377800    0.0210844700
  -0.0035337900    0.0388810400    0.0208850800
  -0.0041857300    0.0389465800    0.0205989800
  -0.0035342800    0.0389406200    0.0208611900
  -0.0034168900   -0.0380914200    0.0212715100
  -0.0034523500   -0.0389599600    0.0208358100
  -0.0032797100   -0.0390607300    0.0212297200
  -0.0034889100   -0.0389659900    0.0209704100
  -0.0000360100   -0.0145751300    0.0002706200
  -0.0000441600   -0.0137418900    0.0002708600
  -0.0000868200   -0.0137600200    0.0000049900
  -0.0000866700   -0.0145495300    0.0000044400
   0.0004395900    0.0144899900   -0.0005211600
  -0.0000760700    0.0142321300   -0.0001042700
  -0.0000756900    0.0140777400   -0.0001037900
   0.0004431500    0.0138125300   -0.0005262900
   0.0036598600   -0.0397530500   -0.0205033500
   0.0036193200   -0.0388854300   -0.0209396200
   0.0037966000   -0.0387835500   -0.0205430700
   0.0035822000   -0.0388790300   -0.0208057200
   0.0014208200    0.0050421700   -0.0076330000
   0.0001018400    0.0050198700    0.0000259600
  -0.0000489800    0.0050193900    0.0003004800
   0.0000453400    0.0050191300    0.0000765400
  -0.0000566300   -0.0050039200    0.0004140300
  -0.0000385300   -0.0050011400    0.0001359800
  -0.0000563400   -0.0050390200    0.0004174300
  -0.0000382800   -0.0050373600    0.0001358900
  -0.0003196700    0.0042287100   -0.0004384500
  -0.0003277600    0.0058071300   -0.0004371600
   0.0000235600    0.0050606700    0.0001433100
   0.0000247800    0.0049773800    0.0001434600
   0.0002018800   -0.0051794100   -0.0000287800
  -0.0001620000   -0.0050314500    0.0000402800
  -0.0001626300   -0.0050072400    0.0000385700
   0.0002029900   -0.0048574400   -0.0000327600
  -0.0030629000    0.0179046300    0.0269546800
  -0.0029315400    0.0172072000    0.0261984000
  -0.0027936200    0.0174556100    0.0258443000
  -0.0030728400    0.0173648300    0.0258353000
   0.0029047000    0.0168247100   -0.0250118000
   0.0030550300    0.0175533200   -0.0257595800
   0.0031928700    0.0173020000   -0.0261114600
   0.0029114000    0.0173928000   -0.0261201100
  -0.0026507300   -0.0174990400    0.0257105700
  -0.0031074500   -0.0174023600    0.0260023600
  -0.0035050400   -0.0179006900    0.0257329300
  -0.0030628100   -0.0175625800    0.0257190800
   0.0024617600   -0.0168618000   -0.0262603700
   0.0029214100   -0.0171951000   -0.0262392700
   0.0033359200   -0.0172563800   -0.0262440800
   0.0028768000   -0.0173554600   -0.0259520900
  -0.0028081900    0.0173737900    0.0259905100
  -0.0029300100    0.0172881100    0.0260304500
  -0.0028806000    0.0174027300    0.0257275000
  -0.0030608400    0.0173777000    0.0258858100
   0.0031900100    0.0173931300   -0.0259754600
   0.0030513300    0.0174715300   -0.0259256400
   0.0031026900    0.0173546500   -0.0262283700
   0.0029244200    0.0173793500   -0.0260703300
  -0.0031431100   -0.0175124300    0.0258255200
  -0.0029241100   -0.0174358300    0.0259646400
  -0.0024283800   -0.0172838800    0.0257699700
  -0.0032317400   -0.0172971700    0.0260663400
   0.0035535700   -0.0174735800   -0.0261911800
   0.0027541100   -0.0174605300   -0.0258919200
   0.0028412600   -0.0172448800   -0.0261256100
   0.0030609200   -0.0173220500   -0.0259907000

65   
  0.0099995753073327   0.0000000000000000  -0.0000921611251181
   0.0036923500    0.0388606900   -0.0203513000
   0.0033963400    0.0389475300   -0.0210798900
   0.0039972400    0.0400153400   -0.0179463200
   0.0035534900    0.0389922800   -0.0209306800
  -0.0034288400    0.0388404300    0.0210273700
   0.0003893800    0.0417165100    0.0180761900
  -0.0036807400    0.0389608300    0.0208380500
  -0.0035306700    0.0390435200    0.0202886700
  -0.0035085300   -0.0390374200    0.0206128400
  -0.0028925200   -0.0380656600    0.0207222800
  -0.0035676900   -0.0387947400    0.0208792700
  -0.0033577000   -0.0390696300    0.0207071500
   0.0391708400    0.0131852900   -0.0113003700
  -0.0000579100   -0.0143310300    0.0001778500
   0.0000412700   -0.0141175600    0.0000170400
  -0.0000144700   -0.0140832000   -0.0000472100
   0.0002879300    0.0139895900    0.0000112500
  -0.0002254700    0.0141619800   -0.0000096300
  -0.0009060700    0.0135117500    0.0002112100
  -0.0000902700    0.0140906000    0.0000414700
   0.0254491500   -0.0165681600   -0.0376284000
   0.0033604800   -0.0389124900   -0.0209598300
   0.0034409500   -0.0388786400   -0.0208128700
   0.0034953800   -0.0389571400   -0.0210076600
   0.0037646400    0.0387418800   -0.0210341700
   0.0034218800    0.0389875200   -0.0209323300
   0.0052147700    0.0382870500   -0.0201876600
   0.0035925400    0.0391348200   -0.0209926800
  -0.0045142300    0.0392538700    0.0212594400
  -0.0035918600    0.0387558300    0.0209062600
  -0.0034088000    0.0387547200    0.0210839900
  -0.0036924800    0.0388834200    0.0207385200
  -0.0071706000   -0.0391900600    0.0197035900
  -0.0036898900   -0.0387908000    0.0207678900
  -0.0035153700   -0.0390474800    0.0211869100
  -0.0035962200   -0.0389196600    0.0207798000
  -0.0002769000   -0.0138400400    0.0003695700
   0.0019811400   -0.0118776700    0.0022180000
  -0.0000646900   -0.0142376800   -0.0000092200
   0.0000001200   -0.0140944200   -0.0000318500
   0.0000193800    0.0141490200    0.0000206700
   0.0002791500    0.0142642600   -0.0006590700
  -0.0002013400    0.0140759900    0.0000189300
   0.0003302000    0.0131417000    0.0001994900
   0.0036767100   -0.0391799400   -0.0189998800
   0.0034107600   -0.0387880200   -0.0209576000
   0.0036861500   -0.0388624100   -0.0208156000
   0.0034766200   -0.0390180700   -0.0209321300
   0.0008754400    0.0048197300    0.0000392400
  -0.0008179800    0.0050226300   -0.0000582400
   0.0002335600    0.0049790700    0.0002367400
  -0.0001959000    0.0050415600   -0.0001092300
   0.0004405400   -0.0051492300   -0.0004492100
  -0.0002324400   -0.0051681300   -0.0001030800
   0.0002726700   -0.0049079200    0.0003894100
  -0.0003327300   -0.0050162300   -0.0001654800
  -0.0008482600    0.0049630300   -0.0000635900
   0.0009557700    0.0037717700    0.0003401600
  -0.0001518800    0.0049718800   -0.0000907700
   0.0001172800    0.0050998300    0.0001313100
  -0.0004046000   -0.0050182300   -0.0003023700
  -0.0001463700   -0.0055103200    0.0005487000
  -0.0002418800   -0.0050065200    0.0000347900
   0.0001481400   -0.0053176600   -0.0001298300
  -0.0728641500   -0.0312974900    0.0529891500
  -0.0024635000    0.0174558800    0.0260372300
  -0.0033041700    0.0172600500    0.0256760200
  -0.0027930800    0.0174424200    0.0260921000
   0.0067800100    0.0180453400   -0.0268801100
   0.0051806500    0.0183245600   -0.0253347100
   0.0030130400    0.0173941800   -0.0257939000
   0.0031807300    0.0173627300   -0.0257972900
  -0.0044949100   -0.0175294800    0.0241726400
  -0.0026690400   -0.0174194900    0.0261295200
  -0.0044901500   -0.0172033500    0.0253671900
  -0.0026708900   -0.0174659300    0.0259751800
   0.0034645900   -0.0178648600   -0.0252775100
   0.0036410100   -0.0178778800   -0.0260244200
   0.0033768300   -0.0174088400   -0.0259597000
   0.0031839900   -0.0172100000   -0.0255122700
  -0.0015343500    0.0163326800    0.0255498000
  -0.0015220000    0.0160381400    0.0258158300
  -0.0029604800    0.0173954400    0.0260558700
  -0.0029608400    0.0174105400    0.0259993900
   0.0000333400    0.0159390200   -0.0258251600
   0.0035588900    0.0172617100   -0.0259745000
   0.0027333900    0.0175016800   -0.0262675600
   0.0031864300    0.0173370800   -0.0258717900
  -0.0025807500   -0.0172188000    0.0267379700
  -0.0026891900   -0.0173344400    0.0259446200
  -0.0026920100   -0.0174202700    0.0256695600
  -0.0025771000   -0.0173012800    0.0267570000
   0.0012139900   -0.0174664700   -0.0275064900
   0.0033143900   -0.0172641200   -0.0259106200
   0.0022798100   -0.0175660100   -0.0266519200
   0.0033085200   -0.0173125200   -0.0258670000

65   
 -0.0099995753073327   0.0000000000000000   0.0000921611251181
   0.0033758700    0.0389836900   -0.0214263000
   0.0036738300    0.0388964700   -0.0206961300
   0.0030568800    0.0378189500   -0.0238352500
   0.0035184600    0.0388515200   -0.0208442700
  -0.0036413100    0.0390041400    0.0207494300
  -0.0074063100    0.0361762600    0.0236603100
  -0.0033895400    0.0388841400    0.0209392000
  -0.0035374700    0.0388025300    0.0214843800
  -0.0035672700   -0.0387996400    0.0211623600
  -0.0041553300   -0.0397635700    0.0210816900
  -0.0035022100   -0.0390497600    0.0208984600
  -0.0037101500   -0.0387752500    0.0210697700
  -0.0402365100   -0.0425502100    0.0116964000
   0.0000592100   -0.0139782800   -0.0001751800
  -0.0000406400   -0.0141883700   -0.0000154000
   0.0000156700   -0.0142213400    0.0000493500
  -0.0002843200    0.0143134900   -0.0000144200
   0.0002245900    0.0141473400    0.0000053600
   0.0008996200    0.0147883600   -0.0002142000
   0.0000895900    0.0142154700   -0.0000399700
  -0.0182009800   -0.0606167200   -0.0045744900
   0.0037102500   -0.0389319600   -0.0208158400
   0.0036279900   -0.0389669000   -0.0209649200
   0.0035749300   -0.0388880100   -0.0207683100
   0.0033035300    0.0391044000   -0.0207406700
   0.0036511100    0.0388575800   -0.0208437300
   0.0018639700    0.0395558200   -0.0215814100
   0.0034793200    0.0387115100   -0.0207832900
  -0.0025563000    0.0385993500    0.0205170100
  -0.0034760300    0.0390892000    0.0208701100
  -0.0036581400    0.0390901000    0.0206953400
  -0.0033773500    0.0389617400    0.0210363600
   0.0000858200   -0.0386437100    0.0220661300
  -0.0033795000   -0.0390540800    0.0210087900
  -0.0035528000   -0.0387993400    0.0205918300
  -0.0034741100   -0.0389251100    0.0209944800
   0.0002771900   -0.0144677400   -0.0003592300
  -0.0019704400   -0.0164036900   -0.0022479900
   0.0000648400   -0.0140678900    0.0000107300
  -0.0000003200   -0.0142108100    0.0000330400
  -0.0000176800    0.0141568300   -0.0000246500
  -0.0002736300    0.0140437200    0.0006523800
   0.0002010700    0.0142276600   -0.0000211800
  -0.0003302100    0.0151641700   -0.0002005700
   0.0033517600   -0.0386922700   -0.0227340300
   0.0036602800   -0.0390523000   -0.0208214200
   0.0033837400   -0.0389812100   -0.0209602900
   0.0035934800   -0.0388282500   -0.0208447900
  -0.0008799600    0.0052633800   -0.0000392500
   0.0008132000    0.0050140200    0.0000590400
  -0.0002328200    0.0050584900   -0.0002373600
   0.0001959400    0.0049957500    0.0001085000
  -0.0004264700   -0.0048853300    0.0004740100
   0.0002360900   -0.0048735200    0.0001030500
  -0.0002707800   -0.0051293700   -0.0003869400
   0.0003317200   -0.0050225000    0.0001653100
   0.0008353200    0.0050684500    0.0000607900
  -0.0009422900    0.0062022800   -0.0003230500
   0.0001520900    0.0050657400    0.0000898500
  -0.0001163200    0.0049375600   -0.0001320400
   0.0004015900   -0.0050208500    0.0002997500
   0.0001504800   -0.0045237700   -0.0005488500
   0.0002409800   -0.0050312900   -0.0000335700
  -0.0001478800   -0.0047214700    0.0001293700
   0.0677215900    0.0664718300   -0.0010604000
  -0.0035158200    0.0173002400    0.0259203800
  -0.0026786300    0.0174968900    0.0262809100
  -0.0031894700    0.0173148600    0.0258651300
  -0.0008526100    0.0166576600   -0.0250498500
   0.0008370100    0.0164492700   -0.0266136200
   0.0029684800    0.0173623200   -0.0261656400
   0.0028030900    0.0173942300   -0.0261578300
  -0.0014794800   -0.0172237800    0.0277964100
  -0.0033122300   -0.0173370200    0.0258278100
  -0.0014968800   -0.0175510600    0.0265960100
  -0.0033112800   -0.0172920200    0.0259818100
   0.0025112800   -0.0168832900   -0.0266841500
   0.0023498200   -0.0168894000   -0.0259318400
   0.0026085700   -0.0173504400   -0.0259965600
   0.0027992600   -0.0175485100   -0.0264480600
  -0.0044565500    0.0184356800    0.0263831100
  -0.0044489600    0.0186998700    0.0261415400
  -0.0030222500    0.0173617900    0.0259013100
  -0.0030214800    0.0173466900    0.0259584000
   0.0059457500    0.0188146300   -0.0261283400
   0.0024294100    0.0174975400   -0.0259830100
   0.0032497900    0.0172553800   -0.0256896000
   0.0027972200    0.0174202200   -0.0260837000
  -0.0034043800   -0.0175433200    0.0252229000
  -0.0032929900   -0.0174236500    0.0260117000
  -0.0032907700   -0.0173377600    0.0262850800
  -0.0034008500   -0.0174544100    0.0252099800
   0.0047620500   -0.0173001700   -0.0244636900
   0.0026690400   -0.0174925200   -0.0260442000
   0.0037003700   -0.0171924600   -0.0253069600
   0.0026765800   -0.0174448400   -0.0260885800

65   
  0.0000000000000000   0.0100000000000000   0.0000000000000000
   0.0038435000    0.0389562900   -0.0207071100
   0.0035212300    0.0389352500   -0.0209377900
   0.0043851000    0.0399112200   -0.0179385100
   0.0035968500    0.0389145100   -0.0208529600
  -0.0037234800    0.0388936300    0.0208760800
  -0.0036636000    0.0353794400    0.0219525900
  -0.0035563400    0.0389422400    0.0209301800
  -0.0038801900    0.0389347000    0.0205079600
  -0.0036359300   -0.0386105300    0.0206837700
  -0.0038157500   -0.0387290700    0.0201692500
  -0.0035864700   -0.0389743000    0.0209953300
  -0.0036550900   -0.0390840400    0.0206803300
   0.0264511100    0.0120365400   -0.0086711700
  -0.0000123200   -0.0139252700   -0.0000431700
  -0.0000221600   -0.0144863300    0.0000673200
  -0.0000608100   -0.0142605100   -0.0000114900
   0.0000536100    0.0143107100    0.0001918000
   0.0002064500    0.0140465800    0.0001991300
  -0.0002466900    0.0141141900   -0.0000687100
   0.0001310700    0.0141361300   -0.0002511600
   0.0283902400   -0.0020597800   -0.0418978800
   0.0035354400   -0.0388538900   -0.0209987100
   0.0035790200   -0.0389257100   -0.0207581300
   0.0035374100   -0.0389247000   -0.0208699300
   0.0034867800    0.0388484300   -0.0212219900
   0.0032757700    0.0389014600   -0.0209899300
   0.0036617100    0.0389922000   -0.0206730100
   0.0034069000    0.0389056600   -0.0208795600
  -0.0029805300    0.0401341500    0.0207514200
  -0.0035612000    0.0389765600    0.0208650400
  -0.0034164700    0.0389378000    0.0210172400
  -0.0035949800    0.0388802100    0.0209904400
  -0.0026183600   -0.0376214000    0.0194450800
  -0.0035014700   -0.0389940400    0.0209960300
  -0.0035299200   -0.0386093900    0.0206097000
  -0.0034945200   -0.0388559200    0.0209699300
  -0.0000152400   -0.0143722300    0.0003181800
   0.0024457900   -0.0110294300    0.0005185100
   0.0000046600   -0.0141303000   -0.0000415900
   0.0000575700   -0.0139385500    0.0000734800
   0.0001424600    0.0142798000   -0.0000405600
  -0.0009273600    0.0135603300   -0.0001935800
  -0.0000028000    0.0141308900   -0.0000504100
   0.0000669200    0.0130938400    0.0002928500
   0.0045307200   -0.0381117600   -0.0197428100
   0.0033771000   -0.0392646200   -0.0207846000
   0.0034814300   -0.0388364100   -0.0210925900
   0.0034524800   -0.0388749200   -0.0208466700
  -0.0008538500    0.0049327800    0.0004381000
   0.0001669100    0.0048927000   -0.0001508400
   0.0000472900    0.0049722400    0.0000840800
  -0.0000529400    0.0050104800   -0.0000224500
   0.0003895100   -0.0050604200    0.0005900000
  -0.0004747700   -0.0047179200    0.0001165000
   0.0000867000   -0.0049599700    0.0001352400
  -0.0000966700   -0.0049535700    0.0000101400
  -0.0004919000    0.0046303900   -0.0001654200
  -0.0016782800    0.0063101100   -0.0002525200
  -0.0000637600    0.0050126500   -0.0000104900
   0.0000536100    0.0050702900    0.0000316100
  -0.0000304000   -0.0050471800   -0.0000871700
   0.0001596500   -0.0054639300   -0.0000737800
  -0.0000825100   -0.0050425200    0.0000460900
   0.0000139400   -0.0051847000    0.0001372100
  -0.0516951900   -0.0514098400    0.0498755600
  -0.0029128000    0.0172759600    0.0260693800
  -0.0031105700    0.0172968800    0.0258344000
  -0.0029278200    0.0173784800    0.0259834800
   0.0023009100    0.0139938400   -0.0252522000
   0.0020583000    0.0159737000   -0.0259721400
   0.0029743300    0.0173222700   -0.0260687400
   0.0030071100    0.0173228700   -0.0259216600
  -0.0031682800   -0.0169758400    0.0250372200
  -0.0029039500   -0.0173905900    0.0260252200
  -0.0028298200   -0.0169756100    0.0267390200
  -0.0029506000   -0.0173909000    0.0259643600
   0.0024914200   -0.0170188100   -0.0266164300
   0.0024971400   -0.0161325600   -0.0261332200
   0.0029638500   -0.0173701700   -0.0260433000
   0.0031644900   -0.0170944900   -0.0255754300
  -0.0043369900    0.0188910600    0.0253741200
  -0.0040383400    0.0188742700    0.0262040800
  -0.0029596600    0.0174281400    0.0260133700
  -0.0029747900    0.0174283600    0.0259515800
   0.0044345700    0.0201226900   -0.0257948500
   0.0031097600    0.0175459100   -0.0259838800
   0.0028683500    0.0174682100   -0.0260552200
   0.0030326200    0.0173700000   -0.0260179900
  -0.0030668900   -0.0175815100    0.0261356100
  -0.0029485700   -0.0174972100    0.0261525900
  -0.0030368200   -0.0174968400    0.0259566700
  -0.0031584200   -0.0175809100    0.0252238700
   0.0029392600   -0.0173686100   -0.0232597800
   0.0031058900   -0.0175421200   -0.0259191500
   0.0028020500   -0.0175243400   -0.0262301700
   0.0030572900   -0.0174233700   -0.0260602900

65   
  0.0000000000000000  -0.0100000000000000   0.0000000000000000
   0.0032209900    0.0388908500   -0.0210733200
   0.0035476300    0.0389084500   -0.0208377900
   0.0026751000    0.0379087800   -0.0238596800
   0.0034744200    0.0389280800   -0.0209229200
  -0.0033447800    0.0389500900    0.0209020500
  -0.0034311900    0.0424723100    0.0198299600
  -0.0035124000    0.0389032100    0.0208460800
  -0.0031889000    0.0389094700    0.0212707000
  -0.0034371300   -0.0392276400    0.0210935400
  -0.0032462200   -0.0391202300    0.0216228000
  -0.0034822200   -0.0388706500    0.0207817000
  -0.0034139800   -0.0387605600    0.0210989500
  -0.0272316700   -0.0406685400    0.0089010600
   0.0000113900   -0.0143819600    0.0000447100
   0.0000215100   -0.0138137700   -0.0000667200
   0.0000616200   -0.0140424000    0.0000129600
  -0.0000510600    0.0139889600   -0.0002001100
  -0.0002066000    0.0142605500   -0.0002038500
   0.0002357600    0.0141817100    0.0000720300
  -0.0001325100    0.0141689300    0.0002505200
  -0.0204532600   -0.0750234200   -0.0005796200
   0.0035333700   -0.0389901100   -0.0207778500
   0.0034889800   -0.0389199500   -0.0210196200
   0.0035313800   -0.0389208400   -0.0209061300
   0.0035810400    0.0389967700   -0.0205496400
   0.0037955200    0.0389429500   -0.0207857100
   0.0034227100    0.0388452100   -0.0210878300
   0.0036642000    0.0389402600   -0.0208950000
  -0.0041017100    0.0376942600    0.0210204600
  -0.0035058900    0.0388692600    0.0209111400
  -0.0036517500    0.0389061500    0.0207586600
  -0.0034739800    0.0389646800    0.0207859900
  -0.0045090600   -0.0402421000    0.0223381900
  -0.0035667800   -0.0388495400    0.0207815000
  -0.0035379600   -0.0392428800    0.0211724200
  -0.0035747700   -0.0389894100    0.0208057000
   0.0000143600   -0.0139363700   -0.0003092800
  -0.0023933700   -0.0172297000   -0.0005745500
  -0.0000048300   -0.0141737200    0.0000437100
  -0.0000585500   -0.0143661100   -0.0000726900
  -0.0001418800    0.0140252700    0.0000364700
   0.0009379900    0.0147490100    0.0001965600
   0.0000021400    0.0141720700    0.0000491300
  -0.0000699900    0.0152111800   -0.0002892300
   0.0024964000   -0.0397614900   -0.0220007800
   0.0036935800   -0.0385750900   -0.0209952000
   0.0035886600   -0.0390087800   -0.0206802100
   0.0036168100   -0.0389706800   -0.0209307900
   0.0007943600    0.0051396300   -0.0004126300
  -0.0001680500    0.0051431000    0.0001503000
  -0.0000475400    0.0050648500   -0.0000850400
   0.0000531600    0.0050262500    0.0000214100
  -0.0003830200   -0.0049792900   -0.0005728800
   0.0004781100   -0.0053207200   -0.0001157600
  -0.0000864600   -0.0050781300   -0.0001354200
   0.0000964000   -0.0050838300   -0.0000093400
   0.0004895900    0.0054014400    0.0001632000
   0.0017631500    0.0036803400    0.0002692400
   0.0000640800    0.0050239500    0.0000097200
  -0.0000540000    0.0049662300   -0.0000325100
   0.0000287400   -0.0049911000    0.0000861900
  -0.0001580500   -0.0045613700    0.0000714800
   0.0000820400   -0.0049941300   -0.0000449400
  -0.0000133200   -0.0048515600   -0.0001372200
   0.0456411900    0.0858122600    0.0025225500
  -0.0030704500    0.0174816000    0.0258872200
  -0.0028712500    0.0174608600    0.0261235500
  -0.0030557200    0.0173788000    0.0259728000
   0.0036754100    0.0207380300   -0.0267016300
   0.0039336500    0.0187984300   -0.0259839800
   0.0030080300    0.0174347900   -0.0258883500
   0.0029747700    0.0174338300   -0.0260353100
  -0.0028031500   -0.0177794200    0.0269334500
  -0.0030795100   -0.0173655500    0.0259312200
  -0.0031494500   -0.0177792600    0.0252307600
  -0.0030321900   -0.0173658300    0.0259918000
   0.0034847800   -0.0177358300   -0.0253483500
   0.0034886700   -0.0186304400   -0.0258230600
   0.0030234800   -0.0173884100   -0.0259109200
   0.0028186600   -0.0176631600   -0.0263827900
  -0.0016643300    0.0158843600    0.0265591600
  -0.0019393800    0.0158674700    0.0257578000
  -0.0030242700    0.0173285700    0.0259421300
  -0.0030081600    0.0173288600    0.0260057300
   0.0015557500    0.0146388800   -0.0261490700
   0.0028740000    0.0172115100   -0.0259735200
   0.0031161300    0.0172878100   -0.0259009000
   0.0029502400    0.0173873200   -0.0259377100
  -0.0029166500   -0.0171758000    0.0258224600
  -0.0030345500   -0.0172604800    0.0258025600
  -0.0029474700   -0.0172601600    0.0259971300
  -0.0028200700   -0.0171751800    0.0267407800
   0.0030560700   -0.0173988000   -0.0287603200
   0.0028765200   -0.0172150700   -0.0260362000
   0.0031803300   -0.0172336900   -0.0257272200
   0.0029265900   -0.0173344800   -0.0258960400

65   
 -0.0014445211843416   0.0000000000000000   0.0098951179148097
   0.0036738800    0.0390569000   -0.0206566900
   0.0035278800    0.0389923600   -0.0208617100
   0.0081061500    0.0456542600   -0.0132476800
   0.0035304500    0.0388658200   -0.0209914000
  -0.0035131100    0.0390462500    0.0208264000
  -0.0054068200    0.0393967400    0.0215998500
  -0.0035373500    0.0388967900    0.0208630300
  -0.0043054100    0.0391104400    0.0192938600
  -0.0035703700   -0.0387447100    0.0209652700
  -0.0030734300   -0.0388859800    0.0193679800
  -0.0034618000   -0.0389634900    0.0208738400
  -0.0038135900   -0.0392071000    0.0203843500
  -0.0179892000   -0.0280264500    0.0100868800
  -0.0001608900   -0.0142121600   -0.0001243600
   0.0000508700   -0.0144126600    0.0000673600
   0.0001214800   -0.0141802600   -0.0000918100
  -0.0000651500    0.0140782100    0.0002778200
   0.0000675500    0.0142369000   -0.0000543200
  -0.0004972500    0.0140269900   -0.0002350700
  -0.0000521500    0.0142952200   -0.0000308900
  -0.0161296300   -0.0629212800    0.0002510700
   0.0035219400   -0.0389652200   -0.0209003700
   0.0032406900   -0.0389416000   -0.0209309500
   0.0035405500   -0.0389371300   -0.0209450500
   0.0034814400    0.0388905600   -0.0209929400
   0.0035942200    0.0390144000   -0.0208699500
   0.0045398000    0.0382561600   -0.0201016500
   0.0036329800    0.0388705400   -0.0208449500
  -0.0027780900    0.0394529200    0.0205985700
  -0.0033799700    0.0390537100    0.0208051000
  -0.0032950500    0.0388276500    0.0209663400
  -0.0036087100    0.0388684000    0.0211070100
  -0.0068759200   -0.0403008000    0.0213911100
  -0.0034030300   -0.0387485700    0.0211491100
  -0.0035858700   -0.0385105500    0.0206991500
  -0.0035887700   -0.0389026300    0.0208460600
  -0.0000229000   -0.0143201100   -0.0000776700
   0.0023712800   -0.0116421000   -0.0042833000
  -0.0000448400   -0.0141225900    0.0000346600
   0.0001793600   -0.0138767300   -0.0000583400
  -0.0000272900    0.0140322700   -0.0000095900
  -0.0006485000    0.0135187100    0.0009438600
  -0.0000055300    0.0142343500    0.0000011100
   0.0001327900    0.0106241400    0.0007655000
   0.0053662300   -0.0375314100   -0.0224870000
   0.0033985200   -0.0388322800   -0.0208341300
   0.0034550500   -0.0388346800   -0.0211723000
   0.0035242100   -0.0389677400   -0.0209174100
  -0.0008483900    0.0060612100    0.0008504200
   0.0001336200    0.0048812900    0.0002304500
   0.0000939500    0.0049956800   -0.0001492400
  -0.0001087900    0.0049669500   -0.0001468200
   0.0003586900   -0.0055235100   -0.0001393200
   0.0001905200   -0.0050896000   -0.0002230900
   0.0004624800   -0.0048638700   -0.0002494500
  -0.0002731000   -0.0049286300    0.0000036200
   0.0000305500    0.0049278300    0.0000482200
   0.0005925200    0.0048974300    0.0000592100
  -0.0000439900    0.0049970900   -0.0000892300
   0.0000210000    0.0051073000   -0.0002638600
  -0.0000550400   -0.0049455600    0.0001123800
   0.0005133500   -0.0051764700   -0.0002201700
   0.0000340900   -0.0050720200   -0.0000170000
  -0.0003778000   -0.0055897700   -0.0001815900
   0.0333482400    0.0475901700   -0.0123529400
  -0.0030101100    0.0174566300    0.0259201100
  -0.0032438200    0.0172526100    0.0261735800
  -0.0029071300    0.0173747400    0.0260724600
   0.0015349000    0.0165537500   -0.0258687700
   0.0033040800    0.0172348500   -0.0264110800
   0.0031743700    0.0174646600   -0.0255363700
   0.0031501300    0.0173234900   -0.0252856600
  -0.0033657900   -0.0180927100    0.0266780500
  -0.0030412500   -0.0173582000    0.0259825600
  -0.0045694100   -0.0164600100    0.0264988800
  -0.0028882500   -0.0174126400    0.0260035300
   0.0036128600   -0.0179284800   -0.0261210800
   0.0028605100   -0.0174663100   -0.0255406400
   0.0029565100   -0.0174400200   -0.0258462900
   0.0034300100   -0.0170029300   -0.0258552900
  -0.0033580800    0.0177510300    0.0264492700
  -0.0036121800    0.0169865200    0.0264227000
  -0.0029745800    0.0173489800    0.0261801900
  -0.0029171100    0.0174094200    0.0261891200
   0.0035679500    0.0174122000   -0.0263453800
   0.0029143200    0.0174002500   -0.0261006500
   0.0027459200    0.0174367200   -0.0257563600
   0.0030688900    0.0174244400   -0.0259392800
  -0.0022915200   -0.0166582100    0.0259391300
  -0.0033379500   -0.0173658300    0.0260713400
  -0.0030681100   -0.0175466700    0.0261086800
  -0.0022994500   -0.0175453700    0.0259336400
   0.0017806800   -0.0146932500   -0.0239083100
   0.0030126000   -0.0173375500   -0.0258176400
   0.0024272200   -0.0176008700   -0.0259082700
   0.0030552400   -0.0174692400   -0.0260995700

65   
  0.0014445211843416   0.0000000000000000  -0.0098951179148097
   0.0033924200    0.0387879700   -0.0211258700
   0.0035424000    0.0388516500   -0.0209141800
  -0.0008922900    0.0323564000   -0.0282599300
   0.0035412200    0.0389793200   -0.0207826900
  -0.0035563400    0.0387975500    0.0209513600
  -0.0016749500    0.0384962300    0.0201726300
  -0.0035334900    0.0389494800    0.0209145000
  -0.0027729800    0.0387385600    0.0224669700
  -0.0035015200   -0.0390989700    0.0208098800
  -0.0039704900   -0.0389526800    0.0224117800
  -0.0036091400   -0.0388810200    0.0209036100
  -0.0032587400   -0.0386371000    0.0213923400
   0.0178276500   -0.0004034300   -0.0102924700
   0.0001595400   -0.0140919500    0.0001259900
  -0.0000495100   -0.0138900600   -0.0000660700
  -0.0001199500   -0.0141252500    0.0000916600
   0.0000694200    0.0142239400   -0.0002890800
  -0.0000671800    0.0140737100    0.0000499000
   0.0004874800    0.0142738100    0.0002315600
   0.0000515700    0.0140095600    0.0000317100
   0.0236665800   -0.0143240200   -0.0422511500
   0.0035478100   -0.0388791400   -0.0208753600
   0.0038242700   -0.0389048900   -0.0208450000
   0.0035301200   -0.0389078800   -0.0208303200
   0.0035870300    0.0389560700   -0.0207791600
   0.0034801600    0.0388312500   -0.0209043300
   0.0025376300    0.0395790500   -0.0216643500
   0.0034364600    0.0389750000   -0.0209300300
  -0.0043060000    0.0383912000    0.0211852300
  -0.0036890300    0.0387935700    0.0209694500
  -0.0037703600    0.0390179400    0.0208129200
  -0.0034619900    0.0389772800    0.0206702300
  -0.0002286600   -0.0375754300    0.0203815400
  -0.0036659200   -0.0390962300    0.0206275100
  -0.0034820000   -0.0393429000    0.0210830100
  -0.0034833000   -0.0389426600    0.0209303800
   0.0000229800   -0.0139828600    0.0000858400
  -0.0024038400   -0.0167048900    0.0042596700
   0.0000456800   -0.0141840500   -0.0000334700
  -0.0001800100   -0.0144261000    0.0000585100
   0.0000275900    0.0142755900    0.0000067500
   0.0006732600    0.0147965900   -0.0009552900
   0.0000047500    0.0140689500   -0.0000025500
  -0.0001336000    0.0176412500   -0.0007559200
   0.0016751100   -0.0403390100   -0.0192608600
   0.0036728800   -0.0390103000   -0.0209447900
   0.0036155500   -0.0390095400   -0.0206000500
   0.0035458600   -0.0388776400   -0.0208583600
   0.0008576900    0.0039729700   -0.0008661500
  -0.0001321200    0.0051535000   -0.0002285500
  -0.0000930000    0.0050406900    0.0001490600
   0.0001075600    0.0050687800    0.0001460400
  -0.0003760300   -0.0045082600    0.0001291700
  -0.0001859800   -0.0049506900    0.0002211800
  -0.0004573900   -0.0051715500    0.0002495600
   0.0002711200   -0.0051087000   -0.0000012600
  -0.0000373500    0.0051060300   -0.0000489900
  -0.0006019000    0.0051497800   -0.0000747000
   0.0000448400    0.0050396800    0.0000884100
  -0.0000212300    0.0049295200    0.0002632000
   0.0000557000   -0.0050921500   -0.0001149100
  -0.0005148900   -0.0048433500    0.0002147900
  -0.0000343200   -0.0049649100    0.0000197300
   0.0003754000   -0.0044511400    0.0001838500
  -0.0397265500   -0.0133161800    0.0645486400
  -0.0029722600    0.0172994900    0.0260366500
  -0.0027387300    0.0175044300    0.0257848500
  -0.0030755400    0.0173828800    0.0258844100
   0.0044461100    0.0181867700   -0.0260897400
   0.0026733000    0.0175177400   -0.0255498400
   0.0028041200    0.0172913300   -0.0264262100
   0.0028346500    0.0174314700   -0.0266648000
  -0.0025942300   -0.0166464700    0.0252984000
  -0.0029420900   -0.0173974300    0.0259755400
  -0.0014280800   -0.0182837800    0.0254652300
  -0.0030940500   -0.0173452000    0.0259520600
   0.0023605800   -0.0168174100   -0.0258307300
   0.0031300600   -0.0173027500   -0.0264090100
   0.0030284100   -0.0173184100   -0.0261097800
   0.0025567000   -0.0177521900   -0.0261085900
  -0.0026210000    0.0170063600    0.0254911100
  -0.0023730500    0.0177732600    0.0255378700
  -0.0030096000    0.0174076200    0.0257759900
  -0.0030642800    0.0173485000    0.0257685900
   0.0024198900    0.0173469600   -0.0256079300
   0.0030706800    0.0173561500   -0.0258559500
   0.0032385500    0.0173201100   -0.0261992500
   0.0029141400    0.0173333400   -0.0260157400
  -0.0037021300   -0.0181105600    0.0260209700
  -0.0026435200   -0.0173931000    0.0258856100
  -0.0029164100   -0.0172129400    0.0258437200
  -0.0036782200   -0.0172138500    0.0260201600
   0.0042402900   -0.0201536400   -0.0281109700
   0.0029701200   -0.0174204700   -0.0261361600
   0.0035510100   -0.0171581700   -0.0260524000
   0.0029288900   -0.0172879700   -0.0258567700
