48   
23   

1    
  0.0100000000000000   0.0000000000000000   0.0000000000000000
  -0.0931067400    0.0931264000    0.0036147100
  -0.0006646800    0.0001222800    0.0001382100
   0.0012321600   -0.0027524800    0.0000768400
  -0.0004455700   -0.0000815400   -0.0001150300
  -0.0009157200    0.0007027600    0.0009375500
  -0.0016406800    0.0017468400   -0.0017123100
   0.0016018500   -0.0007112600   -0.0027164500
   0.0057231600   -0.0017498100    0.0056802800
   0.0149875400   -0.0278626500   -0.0024581500
  -0.0000448400    0.0001505500   -0.0000997100
   0.0038864900   -0.0004024200   -0.0000378700
   0.0027667500    0.0016361200    0.0000373700
   0.0003916300   -0.0002921900    0.0005518600
   0.0010079500   -0.0011024200   -0.0017261700
   0.0035945100    0.0001593400    0.0002802700
   0.0004567600   -0.0000419700    0.0001085600
  -0.0031989500   -0.0007015100    0.0015339100
  -0.0080232600   -0.0027386200   -0.0032682800
   0.0088856000   -0.0004211400   -0.0001107200
   0.0009750000    0.0001109100    0.0003457000
  -0.0048117500    0.0158916700    0.0016807300
  -0.0007662900   -0.0004152300    0.0001208400
   0.0023892400    0.0006746500    0.0014876600
   0.0031621900   -0.0012353800   -0.0003161100
  -0.0002802200    0.0004151100   -0.0010580400
   0.0002436700   -0.0004220000    0.0014814100
   0.0018413700    0.0022851700   -0.0007852500
   0.0001942900   -0.0001332300    0.0002705800
  -0.0006801500   -0.0002492500   -0.0004006000
  -0.0055451500    0.0003081900    0.0033021000
   0.0014125800    0.0002532400    0.0005888200
   0.0163314600   -0.0177504500    0.0140707600
  -0.0029966300   -0.0001279700    0.0000080000
  -0.0084056800   -0.0014295900   -0.0020013100
  -0.0049298600   -0.0007067300   -0.0028106100
   0.0000253300    0.0001882000    0.0008121600
  -0.0004229300    0.0000311200   -0.0008466700
  -0.0020290600    0.0006609600    0.0035749900
   0.0623691900   -0.0516061000   -0.0267755900
   0.0006921400    0.0002686800   -0.0007478600
   0.0045459000    0.0014686700   -0.0008269500
   0.0008917100    0.0003176100    0.0005078900
  -0.0032086200    0.0011060300    0.0009986200
  -0.0014728900    0.0011124300   -0.0006876600
   0.0090361800   -0.0038567800   -0.0002240100
  -0.0009616700   -0.0001417400    0.0013479700
  -0.0048064500   -0.0042378700    0.0079251700
   0.0007131600   -0.0015666000   -0.0017575700

1    
 -0.0100000000000000   0.0000000000000000   0.0000000000000000
   0.0933427000   -0.0938244400   -0.0032580100
   0.0005882900   -0.0004764900   -0.0001472400
  -0.0011838200    0.0030802000   -0.0000625400
   0.0005095300    0.0004389100    0.0001074300
   0.0012866000   -0.0007789100   -0.0009438800
   0.0020285300   -0.0017902700    0.0017007500
  -0.0019711200    0.0007716800    0.0027006400
  -0.0060794200    0.0017888200   -0.0056203600
  -0.0154865800    0.0281955800    0.0024417700
  -0.0003066600   -0.0002192400    0.0000884800
  -0.0039607100    0.0007673600    0.0000125900
  -0.0028315600   -0.0012664500   -0.0000249800
  -0.0003179900   -0.0000731100   -0.0005570500
  -0.0009272200    0.0007370500    0.0017379400
  -0.0032585900   -0.0000802200   -0.0002639000
  -0.0001020800    0.0001140600   -0.0001104900
   0.0032321100    0.0007130600   -0.0015723400
   0.0081100500    0.0026650000    0.0031167000
  -0.0088208000    0.0003901200    0.0001905400
  -0.0009591700   -0.0001266900   -0.0002958200
   0.0046869500   -0.0160031100   -0.0014877700
   0.0007560000    0.0004111500    0.0000946700
  -0.0023986800   -0.0007011200   -0.0017345800
  -0.0031535500    0.0012227500    0.0001068200
   0.0002556600   -0.0004274100    0.0009894200
  -0.0002815300    0.0003949700   -0.0015570500
  -0.0018502300   -0.0022921600    0.0008648200
  -0.0002047600    0.0001468600   -0.0002196200
   0.0006765000    0.0002360200    0.0004108600
   0.0055424500   -0.0003230000   -0.0033250600
  -0.0014152900   -0.0002464800   -0.0005768100
  -0.0164751900    0.0174465000   -0.0138689500
   0.0037092800   -0.0005665000    0.0000631400
   0.0090881100    0.0007360800    0.0019800100
   0.0042978900    0.0000353500    0.0027828500
  -0.0007190700   -0.0008865700   -0.0008407800
  -0.0002958300    0.0006880000    0.0009075700
   0.0012860500    0.0000545500   -0.0035710800
  -0.0611077000    0.0527560100    0.0269060800
   0.0000138500    0.0004291800    0.0007193200
  -0.0045546100   -0.0014724400    0.0007044200
  -0.0008808800   -0.0003100200   -0.0005960200
   0.0032292000   -0.0010725000   -0.0008944700
   0.0014868200   -0.0010878900    0.0008035400
  -0.0097656700    0.0038157500   -0.0002055600
   0.0009162800    0.0001090800   -0.0012238100
   0.0049671800    0.0043107200   -0.0081270500
  -0.0007013300    0.0015701900    0.0016548900

1    
  0.0000000000000000   0.0100000000000000   0.0000000000000000
   0.0948135100   -0.3143761200   -0.0619621500
   0.0002599900   -0.0012958500    0.0000896700
  -0.0028507700    0.0142584300   -0.0014840000
  -0.0002204500    0.0008328200   -0.0001106500
   0.0012152900    0.0017497400    0.0020748400
   0.0034644100    0.0058608500   -0.0061163600
  -0.0012190600   -0.0010558700    0.0010810600
  -0.0034843700   -0.0017810700   -0.0027373700
  -0.0226818200    0.0152496300    0.0029442000
  -0.0006931600    0.0000907900    0.0001811000
   0.0005479900   -0.0010395800   -0.0004041200
  -0.0014905600   -0.0018239600    0.0003253000
   0.0001481100    0.0011666900   -0.0003485200
   0.0009610100    0.0032303600   -0.0001258400
   0.0012565700    0.0034621600   -0.0002588800
   0.0003226900    0.0003175900    0.0000085300
  -0.0006301300   -0.0008928400   -0.0037330600
  -0.0028137700    0.0005105100    0.0098428600
  -0.0013875600   -0.0021326900    0.0001022000
  -0.0002445500   -0.0005549000    0.0002397000
   0.0145877300    0.0397822900    0.0063194800
   0.0004304100    0.0005492100    0.0000974700
   0.0003459300   -0.0000930600    0.0003054200
   0.0009099500   -0.0005000300   -0.0008308400
   0.0003215100    0.0011073900   -0.0004757200
   0.0013802400    0.0030843500    0.0017898800
   0.0043802100    0.0058311900   -0.0000208600
   0.0004906200    0.0003518900    0.0001306800
   0.0003708500   -0.0002895700    0.0001372200
   0.0031116700   -0.0016536700   -0.0028276100
   0.0003025300    0.0002924200   -0.0014102900
  -0.0172375000    0.0468270000   -0.0326370800
   0.0008359200    0.0008933700   -0.0003749000
   0.0025586800    0.0031454700    0.0002036000
  -0.0099580900   -0.0140550700   -0.0030713500
  -0.0005458200   -0.0012365900    0.0001906000
  -0.0018345400   -0.0008271700   -0.0005673700
  -0.0061758400   -0.0045664200    0.0028175500
  -0.0546721200    0.1910121900    0.0848471500
  -0.0001932100    0.0007963700    0.0005245400
   0.0009783900   -0.0076892100    0.0025543200
   0.0006597400   -0.0038708200   -0.0002034200
   0.0003749700   -0.0018665000   -0.0007740300
  -0.0002797900   -0.0012177900    0.0003845300
  -0.0017477400    0.0103424300    0.0001205300
   0.0008054000    0.0033541600    0.0002934800
  -0.0038780000    0.0071277700    0.0036150300
  -0.0015954600    0.0015917300   -0.0007465100

1    
  0.0000000000000000  -0.0100000000000000   0.0000000000000000
  -0.0922147500    0.3061324800    0.0537392300
  -0.0003326800    0.0009388400   -0.0000874600
   0.0029766500   -0.0139084200    0.0014862400
   0.0002911700   -0.0004701500    0.0001107700
  -0.0008662200   -0.0018173300   -0.0020935000
  -0.0031105700   -0.0059371900    0.0061629300
   0.0008604500    0.0011357900   -0.0010867300
   0.0030888100    0.0018795600    0.0027146900
   0.0220196400   -0.0152164900   -0.0028985200
   0.0003344200   -0.0001641400   -0.0001795300
  -0.0006141500    0.0013985100    0.0004087900
   0.0014176200    0.0021773100   -0.0003250600
  -0.0000790300   -0.0015270000    0.0003370000
  -0.0008851200   -0.0035970300    0.0001316300
  -0.0008670300   -0.0033985300    0.0002572200
   0.0000369600   -0.0002492100   -0.0000050800
   0.0006424500    0.0008807000    0.0036965300
   0.0028125200   -0.0005908300   -0.0098841800
   0.0013943100    0.0021261200   -0.0000465800
   0.0002599900    0.0005398200   -0.0001816600
  -0.0143522900   -0.0390377500   -0.0059917700
  -0.0004373100   -0.0005568600    0.0001217800
  -0.0003437600    0.0001095000   -0.0005168700
  -0.0009227400    0.0005100500    0.0006159600
  -0.0003359800   -0.0011297800    0.0004055000
  -0.0013844400   -0.0030994600   -0.0018048800
  -0.0044408800   -0.0058377900    0.0000731900
  -0.0005102000   -0.0003353700   -0.0000793100
  -0.0003703600    0.0002919000   -0.0001343900
  -0.0031258700    0.0016580100    0.0028165800
  -0.0003129800   -0.0002933500    0.0014162200
   0.0183441500   -0.0486688300    0.0345417800
  -0.0001366600   -0.0016053500    0.0004148500
  -0.0018272000   -0.0038481200   -0.0001611000
   0.0091797400    0.0133292400    0.0029832900
  -0.0001553300    0.0005360300   -0.0002274000
   0.0011396300    0.0015229800    0.0006159800
   0.0054914800    0.0052735000   -0.0028038700
   0.0516283600   -0.1813307800   -0.0787717700
   0.0009043300   -0.0000937400   -0.0005847300
  -0.0009397100    0.0076864700   -0.0026280300
  -0.0006422800    0.0038748200    0.0000878200
  -0.0003776400    0.0018678000    0.0009017900
   0.0002906100    0.0012189200   -0.0002757800
   0.0017887500   -0.0103752600    0.0000192100
  -0.0008273800   -0.0033806800   -0.0001766500
   0.0039200000   -0.0070534400   -0.0037534400
   0.0015905300   -0.0015654500    0.0006393100

1    
  0.0000000000000000   0.0000000000000000   0.0100000000000000
   0.0037339600   -0.0586962700   -0.1392851400
   0.0001112200   -0.0000965600    0.0039272900
  -0.0000451900    0.0016636600   -0.0028424100
   0.0001473300    0.0002944800    0.0017119000
   0.0012659600    0.0026654800    0.0027615900
  -0.0025472000   -0.0057047900    0.0016174800
  -0.0022620600    0.0009710800    0.0027617800
   0.0059735800   -0.0016826000    0.0016181700
   0.0027985600   -0.0025579400   -0.0103488500
  -0.0000097300   -0.0001251400    0.0047540100
  -0.0000077700   -0.0002200600    0.0023399400
  -0.0000616000    0.0005096400   -0.0009770700
   0.0005868500    0.0001572900    0.0002996900
  -0.0017020900   -0.0000550400   -0.0010474200
   0.0004391600   -0.0002404300   -0.0016747500
   0.0001768500   -0.0000761700    0.0013126000
   0.0017213300   -0.0054844100    0.0107739300
  -0.0066725700    0.0191952300    0.0169372000
  -0.0000952900    0.0005385000   -0.0042052400
  -0.0001269700   -0.0001506900    0.0031097400
   0.0000311100    0.0009204600   -0.0080331800
  -0.0003400300   -0.0003551900    0.0033948500
   0.0005038300    0.0015768000    0.0018683400
  -0.0000998000   -0.0001603900   -0.0013945900
  -0.0002425200   -0.0006432300    0.0009026200
   0.0011356000    0.0007519700   -0.0011011200
   0.0003326100    0.0013043500   -0.0035915800
  -0.0001744800    0.0002816900    0.0028745800
  -0.0001065000    0.0007240000   -0.0017185100
   0.0014640300   -0.0004579500    0.0019434600
   0.0002231800   -0.0008294000   -0.0035626900
   0.0143687500   -0.0326124300    0.0349426500
   0.0010323900   -0.0005037200   -0.0039851000
  -0.0027775400   -0.0014196100    0.0060740800
  -0.0021301300   -0.0016155200    0.0021244500
  -0.0002733200   -0.0003348100   -0.0023867800
  -0.0015908700   -0.0012335300   -0.0033998800
   0.0034482300    0.0017903100    0.0053371300
  -0.0267842300    0.0806050300    0.0867667500
   0.0005741100    0.0000448000   -0.0090198100
  -0.0000751500   -0.0003223200    0.0023710500
   0.0001213300   -0.0024385200   -0.0038972900
   0.0002622600   -0.0012100700    0.0015131300
  -0.0001985900    0.0006369100   -0.0020307500
   0.0012701700   -0.0005132200    0.0078985200
   0.0031795600    0.0019614700   -0.0048981700
   0.0063763200    0.0037466900    0.0014634600
  -0.0029546200   -0.0005997800   -0.0040000300

1    
  0.0000000000000000   0.0000000000000000  -0.0100000000000000
  -0.0031514900    0.0569191300    0.1387701700
  -0.0001774400   -0.0002724200   -0.0039294800
   0.0000970300   -0.0013107500    0.0028425000
  -0.0000759400    0.0000702700   -0.0017135600
  -0.0009059700   -0.0027528200   -0.0027685100
   0.0029020900    0.0055955800   -0.0016230000
   0.0019079100   -0.0009096800   -0.0027672600
  -0.0063060300    0.0017298200   -0.0016219900
  -0.0030398400    0.0023429600    0.0103249900
  -0.0003669700    0.0000597400   -0.0047613700
  -0.0000607500    0.0005922300   -0.0023444300
  -0.0000011900   -0.0001375300    0.0009597600
  -0.0005224100   -0.0005273600   -0.0002893100
   0.0017622000   -0.0003128900    0.0010235900
  -0.0000807700    0.0003054300    0.0016789700
   0.0001900200    0.0001460500   -0.0013141000
  -0.0017325900    0.0055806900   -0.0109359500
   0.0065837600   -0.0188623100   -0.0167180100
   0.0000982300   -0.0005530200    0.0042822800
   0.0001449400    0.0001331200   -0.0030482200
  -0.0000952400   -0.0011098600    0.0082044900
   0.0003520100    0.0003631700   -0.0031711400
  -0.0005046300   -0.0015854500   -0.0021004700
   0.0001028700    0.0001583100    0.0011535900
   0.0002264200    0.0006297300   -0.0009619700
  -0.0011540400   -0.0007704700    0.0010064000
  -0.0003399500   -0.0012801400    0.0036611500
   0.0001532500   -0.0002661800   -0.0028103200
   0.0001155900   -0.0007368200    0.0017134300
  -0.0014759300    0.0004553200   -0.0019039800
  -0.0002341900    0.0008446400    0.0035765300
  -0.0138339400    0.0313944500   -0.0345205000
  -0.0003303600   -0.0001980100    0.0040268400
   0.0034781200    0.0007103100   -0.0060124000
   0.0014887500    0.0009464300   -0.0021142300
  -0.0004377600   -0.0003732200    0.0023398600
   0.0008938200    0.0019460100    0.0034359500
  -0.0041472900   -0.0010886500   -0.0052627800
   0.0266237900   -0.0773022800   -0.0864668500
   0.0001226200    0.0006612900    0.0089843900
   0.0000895600    0.0003285100   -0.0025298800
  -0.0001061800    0.0024090600    0.0037934700
  -0.0002484900    0.0012326900   -0.0014250100
   0.0002122700   -0.0006210400    0.0021528700
  -0.0016700400    0.0004557500   -0.0080275900
  -0.0031743900   -0.0019596900    0.0050065700
  -0.0062957000   -0.0036919700   -0.0016887500
   0.0029243000    0.0006118700    0.0038932300

17   
  0.0100000000000000   0.0000000000000000   0.0000000000000000
  -0.0032515800   -0.0008166500    0.0017311800
  -0.0081241100   -0.0029811100   -0.0065887000
  -0.0002363200    0.0005104100    0.0002359300
   0.0002915100    0.0015614700   -0.0011513900
  -0.0019417800    0.0003733300    0.0005427400
  -0.0003643600   -0.0001517000   -0.0001371100
   0.0056631200   -0.0022811300   -0.0013011200
   0.0001593300    0.0001748000   -0.0002675400
  -0.0010609600   -0.0007353900   -0.0055198100
   0.0003897400   -0.0027131500    0.0189791800
   0.0087962400    0.0015652200    0.0000828100
   0.0009349700    0.0004339300    0.0001407400
   0.0018857700   -0.0045829100    0.0003310100
   0.0002366900   -0.0006821700   -0.0001615000
   0.0012994800    0.0004611800    0.0006445100
   0.0032669300   -0.0003757700   -0.0007641500
  -0.0477935100   -0.0049851700    0.0079026400
  -0.0018298100    0.0003422600    0.0000639900
   0.0024098500   -0.0008248400    0.0006749100
   0.0018706600    0.0006509900    0.0000701500
  -0.0012959500    0.0005092000    0.0025806700
   0.0005334100    0.0075117900   -0.0150040200
   0.0027653100    0.0000755200    0.0005694700
   0.0005112300   -0.0001823700   -0.0000092500
   0.0045373300    0.0055526000   -0.0008454400
   0.0002621300    0.0002067600   -0.0001921800
  -0.0000317900    0.0008095100   -0.0008420700
  -0.0003905200   -0.0006528200    0.0007771000
  -0.0086783300    0.0037891300   -0.0023394900
  -0.0015710400    0.0004057700    0.0002396100
   0.0015955800    0.0027901300    0.0011122600
   0.0003447000   -0.0000848000   -0.0001407900
  -0.0067355100   -0.0036388400    0.0002065700
  -0.0003260800   -0.0006807000   -0.0003764000
  -0.0008278500   -0.0010174600   -0.0005473000
  -0.0057173000   -0.0046016900    0.0029237900
   0.0010744300    0.0019968400   -0.0014606800
  -0.0001649900    0.0008882100    0.0009381200
   0.0052637600    0.0000111900   -0.0001958500
   0.0426097800    0.0005718300    0.0018791000
   0.0065203100    0.0004618700    0.0004006700
   0.0033774300    0.0009422600    0.0001010700
  -0.0026870300   -0.0002875500   -0.0005681800
  -0.0012815500   -0.0002977900    0.0004367500
   0.0061840700   -0.0003979500    0.0006744300
   0.0010032100   -0.0027144000   -0.0012895900
  -0.0078977100    0.0019640600   -0.0061510500
  -0.0015789300    0.0011260800    0.0016141900

17   
 -0.0100000000000000   0.0000000000000000   0.0000000000000000
   0.0031763500    0.0004548900   -0.0017213500
   0.0080060700    0.0026419000    0.0066671500
   0.0003019500   -0.0001456000   -0.0002316800
  -0.0002311400   -0.0012020000    0.0011412000
   0.0023187400   -0.0004405700   -0.0005506800
   0.0007327100    0.0000832500    0.0001447500
  -0.0060094600    0.0023001300    0.0012837400
  -0.0005289600   -0.0001014700    0.0002774400
   0.0007119400    0.0006754800    0.0055449400
  -0.0007127400    0.0026866900   -0.0190757700
  -0.0089155800   -0.0012131600   -0.0001104900
  -0.0010034400   -0.0000673100   -0.0001320200
  -0.0018032700    0.0042375300   -0.0003424300
  -0.0001603000    0.0003171300    0.0001659700
  -0.0009362300   -0.0003771000   -0.0006284200
  -0.0029149300    0.0004460900    0.0007578800
   0.0477910800    0.0051131900   -0.0097838100
   0.0018476500   -0.0003310700   -0.0001069400
  -0.0023866900    0.0007944700   -0.0005819300
  -0.0018541200   -0.0006681400   -0.0000322200
   0.0012850600   -0.0005005800   -0.0023460800
  -0.0006163500   -0.0074811400    0.0151702200
  -0.0027534000   -0.0000944600   -0.0007960000
  -0.0005041600    0.0001812300   -0.0001996600
  -0.0045394600   -0.0055157800    0.0007600600
  -0.0002800800   -0.0002232800    0.0001405000
   0.0000252800   -0.0008091700    0.0009166800
   0.0003850900    0.0006666100   -0.0007166100
   0.0086929400   -0.0038288700    0.0024037700
   0.0015745700   -0.0004142900   -0.0002507200
  -0.0015667200   -0.0028037900   -0.0010792900
  -0.0003469800    0.0000913100    0.0001275600
   0.0074313100    0.0029688800   -0.0001203700
   0.0010322300   -0.0000226700    0.0003840800
   0.0001342800    0.0003082700    0.0004907700
   0.0050648300    0.0039265200   -0.0029129700
  -0.0018051300   -0.0012758400    0.0015147500
  -0.0005432100   -0.0001835700   -0.0009123800
  -0.0045559200    0.0006917600    0.0001346400
  -0.0418805200    0.0000955900   -0.0004036600
  -0.0065119200   -0.0004346800   -0.0004734100
  -0.0033644800   -0.0009404100   -0.0002295600
   0.0026985800    0.0003084700    0.0006748300
   0.0012983200    0.0003132300   -0.0003285200
  -0.0063962600    0.0001587600   -0.0003636700
  -0.0010466400    0.0026859900    0.0013758300
   0.0080646200   -0.0019601400    0.0060943300
   0.0015945100   -0.0011122900   -0.0017404400

17   
  0.0000000000000000   0.0000000000000000   0.0100000000000000
   0.0015271800   -0.0039347900    0.0109009300
  -0.0031941900    0.0095936600    0.0167191500
   0.0010557700    0.0006244400    0.0009272700
  -0.0014831500   -0.0016088900   -0.0010423600
   0.0002592200    0.0001355100   -0.0042408300
   0.0003905900   -0.0003553700    0.0030734200
  -0.0001519500   -0.0007814900   -0.0036219400
  -0.0002864800    0.0002748200    0.0028409300
  -0.0039347900    0.0015271800    0.0109009300
   0.0095936600   -0.0031941900    0.0167191500
   0.0001355100    0.0002592200   -0.0042408300
  -0.0003553700    0.0003905900    0.0030734200
  -0.0007814900   -0.0001519500   -0.0036219400
   0.0002748200   -0.0002864800    0.0028409300
   0.0006244400    0.0010557700    0.0009272700
  -0.0016088900   -0.0014831500   -0.0010423600
   0.0088633600    0.0088633600   -0.3511394900
   0.0000958600    0.0000958600    0.0080142300
  -0.0006220700   -0.0008859300    0.0026011200
  -0.0000427600    0.0007386600   -0.0016177600
   0.0030086200    0.0030086200    0.0061642900
  -0.0119704300   -0.0119704300    0.0141921100
  -0.0005594300   -0.0005594300   -0.0027244200
   0.0002932800    0.0002932800    0.0021019900
   0.0007766400    0.0007766400   -0.0058475800
   0.0001624300    0.0001624300    0.0037344800
  -0.0008859300   -0.0006220700    0.0026011200
   0.0007386600   -0.0000427600   -0.0016177600
  -0.0041213500    0.0015612100    0.0061464100
   0.0016734500   -0.0006922900   -0.0032749100
   0.0015612100   -0.0041213500    0.0061464100
  -0.0006922900    0.0016734500   -0.0032749100
   0.0008305600   -0.0005363700    0.0046493200
   0.0003351100   -0.0005055700   -0.0044304100
  -0.0031595900   -0.0031595900   -0.0042810800
   0.0078528800    0.0078528800    0.0090971400
  -0.0005363700    0.0008305600    0.0046493200
  -0.0005055700    0.0003351100   -0.0044304100
  -0.0011308900   -0.0011308900   -0.0127792900
   0.0014841100    0.0014841100    0.2794538400
   0.0010697000   -0.0079703200    0.0028836400
  -0.0006340600    0.0039276800   -0.0056326400
   0.0001785000    0.0001785000    0.0016861600
   0.0004915800    0.0004915800   -0.0020826500
   0.0012654000    0.0012654000    0.0073170600
  -0.0038428500   -0.0038428500   -0.0066694900
  -0.0079703200    0.0010697000    0.0028836400
   0.0039276800   -0.0006340600   -0.0056326400

17   
  0.0000000000000000   0.0000000000000000  -0.0100000000000000
  -0.0015763800    0.0035059700   -0.0108215700
   0.0031842800   -0.0101234000   -0.0169511900
  -0.0009874400   -0.0002610400   -0.0009510900
   0.0015565200    0.0019799100    0.0010477700
   0.0001043600   -0.0001676900    0.0042662000
  -0.0000343600    0.0002855000   -0.0030664700
  -0.0002390500    0.0008745200    0.0036510700
  -0.0000684800   -0.0002134700   -0.0028320900
   0.0035059700   -0.0015763800   -0.0108215700
  -0.0101234000    0.0031842800   -0.0169511900
  -0.0001676900    0.0001043600    0.0042662000
   0.0002855000   -0.0000343600   -0.0030664700
   0.0008745200   -0.0002390500    0.0036510700
  -0.0002134700   -0.0000684800   -0.0028320900
  -0.0002610400   -0.0009874400   -0.0009510900
   0.0019799100    0.0015565200    0.0010477700
  -0.0088192400   -0.0088192400    0.3700933500
  -0.0000723700   -0.0000723700   -0.0080932100
   0.0006417300    0.0008649800   -0.0025331100
   0.0000636700   -0.0007641400    0.0017217800
  -0.0029774600   -0.0029774600   -0.0058301800
   0.0121340000    0.0121340000   -0.0140991600
   0.0005596200    0.0005596200    0.0024441900
  -0.0002957100   -0.0002957100   -0.0023975500
  -0.0008345300   -0.0008345300    0.0057962800
  -0.0001765600   -0.0001765600   -0.0038191300
   0.0008649800    0.0006417300   -0.0025331100
  -0.0007641400    0.0000636700    0.0017217800
   0.0041072300   -0.0015591700   -0.0062117900
  -0.0016599700    0.0006826800    0.0032873400
  -0.0015591700    0.0041072300   -0.0062117900
   0.0006826800   -0.0016599700    0.0032873400
  -0.0001023500   -0.0001905800   -0.0046576300
   0.0003837600   -0.0002088100    0.0044838100
   0.0024239200    0.0024239200    0.0042583100
  -0.0086042600   -0.0086042600   -0.0092263200
  -0.0001905800   -0.0001023500   -0.0046576300
  -0.0002088100    0.0003837600    0.0044838100
   0.0018519100    0.0018519100    0.0127329300
  -0.0006711400   -0.0006711400   -0.2983893100
  -0.0010478500    0.0080317500   -0.0028861400
   0.0006546500   -0.0039655700    0.0055338300
  -0.0001638700   -0.0001638700   -0.0015567300
  -0.0004798400   -0.0004798400    0.0021846600
  -0.0014729400   -0.0014729400   -0.0070440900
   0.0038467300    0.0038467300    0.0067845600
   0.0080317500   -0.0010478500   -0.0028861400
  -0.0039655700    0.0006546500    0.0055338300

21   
  0.0100000000000000   0.0000000000000000   0.0000000000000000
  -0.0047009200    0.0143282200    0.0000745800
  -0.0007953300    0.0002534800   -0.0003453200
  -0.0047951900    0.0146061100   -0.0000509000
  -0.0007250900    0.0006134900    0.0003473000
   0.0000827200   -0.0007173700    0.0015763900
  -0.0003174000    0.0012013600   -0.0001608300
  -0.0002847100   -0.0006582600   -0.0015871600
  -0.0006939900    0.0012562700    0.0001597800
   0.0388292800    0.0157351600    0.0009794400
   0.0003730700   -0.0004482600   -0.0003604700
   0.0023572900   -0.0001664600   -0.0005101000
   0.0031215400   -0.0007423700    0.0001071700
   0.0024314300   -0.0005243100    0.0004990300
   0.0031954700   -0.0010917700   -0.0000940800
   0.0399900200    0.0161643700   -0.0010522200
   0.0007321100   -0.0003777800    0.0003591200
  -0.0012738300    0.0005154300    0.0029663000
   0.0006405900    0.0074925100   -0.0120685100
   0.0027606600   -0.0001043900    0.0005872800
   0.0005158100    0.0001724700   -0.0002687000
  -0.2731135600   -0.2029883500   -0.0018149300
  -0.0015437100   -0.0014616200    0.0001105600
   0.0016291500    0.0000002800   -0.0001134900
   0.0012350500    0.0000001400   -0.0001098100
  -0.0013052900    0.0004946600   -0.0030199900
   0.0005104100    0.0075006100    0.0120351100
   0.0027586800   -0.0000652700   -0.0005298100
   0.0004998500    0.0001907300    0.0003184400
  -0.0015135800    0.0000070300    0.0000060700
  -0.0116726500    0.0059275700   -0.0000205400
   0.0015981800   -0.0008551200    0.0000014500
   0.0034586800   -0.0044025100    0.0000145600
  -0.0011022600   -0.0001041200    0.0008052400
  -0.0017138900   -0.0002341100   -0.0006875400
   0.0962227300    0.0668243500    0.0355462800
   0.0006757000    0.0008287500    0.0011438000
  -0.0018071900    0.0005977800   -0.0007473000
  -0.0024377400    0.0004387000    0.0007170200
   0.0938981700    0.0633759200   -0.0334378900
   0.0013814400    0.0015321500   -0.0011888700
   0.0083178400    0.0020117700    0.0006357100
   0.0020289000    0.0018890100    0.0010172100
  -0.0024811300   -0.0045945600    0.0042667400
  -0.0024511300   -0.0017976000   -0.0014264200
  -0.0025274600   -0.0045804000   -0.0041458000
  -0.0024797700   -0.0018210900    0.0015421300
   0.0084637800    0.0018805600   -0.0009451500
   0.0020272500    0.0018968500   -0.0011308900

21   
  0.0000000000000000   0.0000000000000000   0.0100000000000000
   0.0015902600    0.0060232600   -0.0081206100
  -0.0000111000   -0.0001924900    0.0032649800
  -0.0015902600   -0.0060232600   -0.0081206100
   0.0000111000    0.0001924900    0.0032649800
   0.0005889800   -0.0016296800    0.0019989600
  -0.0005437400    0.0001859200   -0.0012653200
  -0.0005889800    0.0016296800    0.0019989600
   0.0005437400   -0.0001859200   -0.0012653200
   0.0060232600    0.0015902600   -0.0081206100
  -0.0001924900   -0.0000111000    0.0032649800
  -0.0016296800    0.0005889800    0.0019989600
   0.0001859200   -0.0005437400   -0.0012653200
   0.0016296800   -0.0005889800    0.0019989600
  -0.0001859200    0.0005437400   -0.0012653200
  -0.0060232600   -0.0015902600   -0.0081206100
   0.0001924900    0.0000111000    0.0032649800
   0.0024548700    0.0024548700    0.0059569500
  -0.0151903900   -0.0151903900    0.0142509500
  -0.0006714500    0.0006714500   -0.0025601400
  -0.0000861100    0.0000861100    0.0022686600
   0.0000000000    0.0000000000   -0.1218007200
   0.0000000000    0.0000000000    0.0031543100
   0.0000000000    0.0000000000    0.0005763600
   0.0000000000    0.0000000000   -0.0015801900
  -0.0024548700   -0.0024548700    0.0059569500
   0.0151903900    0.0151903900    0.0142509500
   0.0006714500   -0.0006714500   -0.0025601400
   0.0000861100   -0.0000861100    0.0022686600
   0.0000000000    0.0000000000   -0.0018935600
   0.0000000000    0.0000000000    0.0028829900
   0.0000000000    0.0000000000   -0.0018935600
   0.0000000000    0.0000000000    0.0028829900
   0.0010828000   -0.0010828000   -0.0032799600
  -0.0001672000    0.0001672000    0.0037188100
   0.0338044500    0.0338044500    0.0531907700
  -0.0005827700   -0.0005827700   -0.0065466800
  -0.0010828000    0.0010828000   -0.0032799600
   0.0001672000   -0.0001672000    0.0037188100
  -0.0338044500   -0.0338044500    0.0531907700
   0.0005827700    0.0005827700   -0.0065466800
   0.0003481400   -0.0003481400    0.0056367300
   0.0023870900   -0.0023870900   -0.0039234900
   0.0006584500    0.0006584500    0.0011028200
  -0.0022427100   -0.0022427100   -0.0027357500
  -0.0006584500   -0.0006584500    0.0011028200
   0.0022427100    0.0022427100   -0.0027357500
  -0.0003481400    0.0003481400    0.0056367300
  -0.0023870900    0.0023870900   -0.0039234900

21   
  0.0000000000000000   0.0000000000000000  -0.0100000000000000
  -0.0015895000   -0.0062892400    0.0081404000
  -0.0000497400   -0.0001719000   -0.0032830600
   0.0015895000    0.0062892400    0.0081404000
   0.0000497400    0.0001719000   -0.0032830600
  -0.0002306100    0.0015818300   -0.0019875000
   0.0009059700   -0.0002488900    0.0012637900
   0.0002306100   -0.0015818300   -0.0019875000
  -0.0009059700    0.0002488900    0.0012637900
  -0.0062892400   -0.0015895000    0.0081404000
  -0.0001719000   -0.0000497400   -0.0032830600
   0.0015818300   -0.0002306100   -0.0019875000
  -0.0002488900    0.0009059700    0.0012637900
  -0.0015818300    0.0002306100   -0.0019875000
   0.0002488900   -0.0009059700    0.0012637900
   0.0062892400    0.0015895000    0.0081404000
   0.0001719000    0.0000497400   -0.0032830600
  -0.0024743500   -0.0024743500   -0.0060740700
   0.0149850600    0.0149850600   -0.0140804400
   0.0006934700   -0.0006934700    0.0026432200
   0.0001027800   -0.0001027800   -0.0021933400
   0.0000000000    0.0000000000    0.1229597900
   0.0000000000    0.0000000000   -0.0028833600
   0.0000000000    0.0000000000   -0.0008437500
   0.0000000000    0.0000000000    0.0012964700
   0.0024743500    0.0024743500   -0.0060740700
  -0.0149850600   -0.0149850600   -0.0140804400
  -0.0006934700    0.0006934700    0.0026432200
  -0.0001027800    0.0001027800   -0.0021933400
   0.0000000000    0.0000000000    0.0018945200
   0.0000000000    0.0000000000   -0.0028367000
   0.0000000000    0.0000000000    0.0018945200
   0.0000000000    0.0000000000   -0.0028367000
  -0.0003606700    0.0003606700    0.0033171400
   0.0009010900   -0.0009010900   -0.0036694900
  -0.0339463600   -0.0339463600   -0.0536862100
  -0.0001438400   -0.0001438400    0.0065285400
   0.0003606700   -0.0003606700    0.0033171400
  -0.0009010900    0.0009010900   -0.0036694900
   0.0339463600    0.0339463600   -0.0536862100
   0.0001438400    0.0001438400    0.0065285400
  -0.0005848200    0.0005848200   -0.0060119100
  -0.0023635300    0.0023635300    0.0038265600
  -0.0006336100   -0.0006336100   -0.0010431800
   0.0022530500    0.0022530500    0.0028535100
   0.0006336100    0.0006336100   -0.0010431800
  -0.0022530500   -0.0022530500    0.0028535100
   0.0005848200   -0.0005848200   -0.0060119100
   0.0023635300   -0.0023635300    0.0038265600

29   
  0.0100000000000000   0.0000000000000000   0.0000000000000000
  -0.0007154400    0.0001914300   -0.0001123000
  -0.0055738700    0.0029337400    0.0014867700
  -0.0006508200    0.0005512600    0.0001057500
  -0.0055243800    0.0033034600   -0.0014545500
  -0.0014604100   -0.0003423900   -0.0004559300
  -0.0001095700    0.0002092500    0.0007290100
  -0.0018585200   -0.0002898200    0.0004587600
  -0.0004771900    0.0002763300   -0.0007305800
   0.0001112700    0.0002159000   -0.0008395300
   0.0484974300   -0.0181684300   -0.0329004200
   0.0164279300    0.0178581700   -0.0140286500
   0.0013740400   -0.0001256100   -0.0002306600
   0.0163674300    0.0177064100    0.0141708200
   0.0014436400   -0.0004884700    0.0002256900
   0.0004659100    0.0002836500    0.0008352800
   0.0469904500   -0.0170456400    0.0311227700
  -0.0087123100    0.0028375000   -0.0041567100
  -0.0015635200   -0.0000798600    0.0016295100
   0.0003487100   -0.0004203500    0.0007183900
   0.0015736300   -0.0038193000   -0.0015358200
  -0.0015190100   -0.0008578400    0.0001103100
  -0.0116777800   -0.0044032700    0.0001350800
   0.0034569300   -0.0059316000   -0.0001195500
   0.0015949200   -0.0000097500   -0.0001160600
  -0.0086664400    0.0027566000    0.0040657800
  -0.0015886000   -0.0000985300   -0.0017012900
   0.0003343300   -0.0003988500   -0.0006553200
   0.0015792800   -0.0037990200    0.0015825900
  -0.1599578200    0.0000127900    0.0018122200
  -0.0014993200   -0.0000034800    0.0000038700
   0.0029841500   -0.0027678300   -0.0000066500
   0.0010790600   -0.0004714400    0.0000007300
   0.0002107100    0.0115447500   -0.0014640800
  -0.0005629000   -0.0002145300   -0.0000729200
   0.0007358100    0.0001552400    0.0006168600
   0.0279793300   -0.0074035900    0.0039382500
  -0.0005729100    0.0122217000    0.0015345900
  -0.0012704700    0.0004874700    0.0001176900
   0.0014353400    0.0008590100   -0.0006513700
   0.0288521500   -0.0068535600   -0.0041921600
   0.0054304800    0.0025604300    0.0033896300
   0.0050095800    0.0036002300   -0.0041147100
  -0.0031862100   -0.0020789700   -0.0017220300
  -0.0021593300   -0.0042684500    0.0042099200
  -0.0032409000   -0.0021058300    0.0018380800
  -0.0021813800   -0.0042653800   -0.0040873500
   0.0054501400    0.0025385200   -0.0034654400
   0.0049964600    0.0036079500    0.0039757100

29   
  0.0000000000000000   0.0000000000000000   0.0100000000000000
  -0.0004442000   -0.0000412700   -0.0017112600
   0.0032768700   -0.0030048600    0.0019204300
   0.0004442000    0.0000412700   -0.0017112600
  -0.0032768700    0.0030048600    0.0019204300
  -0.0026281500   -0.0033353100    0.0019186100
   0.0003127900    0.0003664700   -0.0017174600
   0.0026281500    0.0033353100    0.0019186100
  -0.0003127900   -0.0003664700   -0.0017174600
  -0.0016016200    0.0005526300   -0.0035697800
  -0.0331160700    0.0136502700    0.0344651100
  -0.0142970200   -0.0340465700    0.0349831700
  -0.0006149000   -0.0012215800   -0.0035548100
   0.0142970200    0.0340465700    0.0349831700
   0.0006149000    0.0012215800   -0.0035548100
   0.0016016200   -0.0005526300   -0.0035697800
   0.0331160700   -0.0136502700    0.0344651100
  -0.0023708100    0.0011034800    0.0061554100
   0.0002494800   -0.0001248100   -0.0033226800
   0.0001428500    0.0002418200   -0.0032376000
  -0.0010841800   -0.0023715600    0.0061893700
   0.0000000000    0.0000000000   -0.0017784600
   0.0000000000    0.0000000000    0.0029710700
   0.0000000000    0.0000000000    0.0027348200
   0.0000000000    0.0000000000   -0.0020096100
   0.0023708100   -0.0011034800    0.0061554100
  -0.0002494800    0.0001248100   -0.0033226800
  -0.0001428500   -0.0002418200   -0.0032376000
   0.0010841800    0.0023715600    0.0061893700
   0.0000000000    0.0000000000   -0.1347787400
   0.0000000000    0.0000000000    0.0048168200
   0.0000000000    0.0000000000   -0.0036766700
   0.0000000000    0.0000000000    0.0017828400
  -0.0028784100   -0.0079917600   -0.0132437600
   0.0008254200    0.0008595900    0.0042254500
  -0.0015862100    0.0001308500    0.0041943000
   0.0073922700   -0.0036246500   -0.0133264000
   0.0028784100    0.0079917600   -0.0132437600
  -0.0008254200   -0.0008595900    0.0042254500
   0.0015862100   -0.0001308500    0.0041943000
  -0.0073922700    0.0036246500   -0.0133264000
   0.0050015100    0.0015115200    0.0037557500
  -0.0036209800   -0.0030667600    0.0034339300
  -0.0030574400    0.0036768700    0.0035264800
   0.0014960600   -0.0049699200    0.0038847000
   0.0030574400   -0.0036768700    0.0035264800
  -0.0014960600    0.0049699200    0.0038847000
  -0.0050015100   -0.0015115200    0.0037557500
   0.0036209800    0.0030667600    0.0034339300

33   
  0.0100000000000000   0.0000000000000000   0.0000000000000000
  -0.0033906700    0.0002981000    0.0006813800
  -0.0087570000    0.0019898900   -0.0031188400
  -0.0000378800   -0.0013005900    0.0012477900
  -0.0016381700   -0.0056268400   -0.0038013800
  -0.0134920500    0.0003567600   -0.0012903900
  -0.0006946900   -0.0005660900    0.0000293900
   0.1813614100    0.0503451000   -0.0758984800
   0.0002481300    0.0001101100    0.0003139500
  -0.0013633500   -0.0003599000   -0.0015911800
  -0.0051120100    0.0002527700    0.0014420000
   0.0613982400    0.0533621700    0.0267979700
   0.0003130000    0.0007427500   -0.0002192000
  -0.0045709600    0.0093524200   -0.0018193400
   0.0004062200    0.0000028500    0.0000885500
   0.0014383700    0.0002482300    0.0001589300
   0.0036800800   -0.0010420800    0.0010569400
  -0.0070767500    0.0016346000    0.0004282300
  -0.0006723800    0.0005447900   -0.0000397600
   0.0049192400    0.0003300000    0.0015222000
   0.0422389400   -0.0002877300   -0.0002114300
  -0.0014605300    0.0002442100    0.0008319600
  -0.0020914900    0.0000897100   -0.0004283000
   0.0965851100   -0.0671100500    0.0348499800
   0.0010325600   -0.0011816800   -0.0003233100
   0.0014178600   -0.0033171700    0.0001423500
   0.0001754200   -0.0003398600    0.0001285000
  -0.0004874200    0.0006714300   -0.0027620300
  -0.0053974800    0.0042878200    0.0082520000
  -0.0002160200    0.0071372200   -0.0032573100
  -0.0009126400   -0.0005119300    0.0004708400
   0.0282989500    0.0117990000    0.0077074000
   0.0010898700    0.0001383600   -0.0012311400
  -0.4114710500   -0.0278693200    0.0160345600
   0.0003835800    0.0002671500   -0.0006307300
  -0.0009237200    0.0001829300   -0.0006232300
  -0.0038340700    0.0044773200    0.0003801700
   0.0318604400   -0.0263210400   -0.0063215200
  -0.0008059000    0.0014259500    0.0015291200
   0.0024362000   -0.0001782900    0.0000913900
   0.0111426300   -0.0044465200    0.0006136500
   0.0041916300   -0.0009531300    0.0013892800
   0.0034657100   -0.0006454900   -0.0008137500
  -0.0156883400    0.0054422200   -0.0004818800
  -0.0036703900    0.0008463600    0.0002432800
   0.0145459800    0.0057281600    0.0154389800
   0.0020582900    0.0010293000   -0.0049759800
  -0.0009132000   -0.0192525800   -0.0170389300
  -0.0000097100   -0.0020273900    0.0050073000

33   
 -0.0100000000000000   0.0000000000000000   0.0000000000000000
   0.0033068300   -0.0006590300   -0.0006769400
   0.0087286800   -0.0023807200    0.0031400400
   0.0000975600    0.0016568200   -0.0012331800
   0.0016833000    0.0060261000    0.0037996200
   0.0138771900   -0.0003952000    0.0012646800
   0.0010639100    0.0005001300   -0.0000155700
  -0.1909703100   -0.0540886200    0.0821064800
  -0.0006252600   -0.0000412500   -0.0003082400
   0.0010012100    0.0002897200    0.0015892700
   0.0047453700   -0.0003627500   -0.0014326800
  -0.0620859500   -0.0528736400   -0.0266060200
  -0.0003738200   -0.0003705700    0.0002249700
   0.0046645700   -0.0097696300    0.0017965000
  -0.0003305500   -0.0003719500   -0.0000813400
  -0.0010743900   -0.0001828900   -0.0001447000
  -0.0033288000    0.0011305800   -0.0010672100
   0.0070864300   -0.0016413100   -0.0005054500
   0.0006831400   -0.0005315900    0.0000018200
  -0.0049016900   -0.0003460700   -0.0014542700
  -0.0422537500    0.0001927400    0.0019506000
   0.0014500400   -0.0002497500   -0.0006112000
   0.0020619400   -0.0001138300    0.0006432100
  -0.0935332400    0.0630881900   -0.0329317400
  -0.0010223000    0.0011789500    0.0001126900
  -0.0014573800    0.0032936400   -0.0002069400
  -0.0001980200    0.0003211800   -0.0001735300
   0.0004808200   -0.0006572400    0.0028217000
   0.0053903000   -0.0042441600   -0.0082006500
   0.0001404500   -0.0071169900    0.0032596800
   0.0009109300    0.0005039900   -0.0004839000
  -0.0285421100   -0.0119679800   -0.0076738300
  -0.0010883100   -0.0001347800    0.0012133400
   0.4190582300    0.0351886000   -0.0265012600
   0.0003198900   -0.0009747200    0.0006550900
   0.0002266100   -0.0008810300    0.0005694500
   0.0031881200   -0.0051853700   -0.0003839200
  -0.0325281600    0.0268302700    0.0064858900
   0.0000915800   -0.0007164200   -0.0015027000
  -0.0017233700    0.0008848200   -0.0001440600
  -0.0104138600    0.0052172500   -0.0006311000
  -0.0041768800    0.0009537600   -0.0014901800
  -0.0034453000    0.0006411800    0.0006784500
   0.0157071300   -0.0053840200    0.0005539300
   0.0036855500   -0.0008214700   -0.0001144000
  -0.0144943200   -0.0057511300   -0.0151664500
  -0.0020707600   -0.0010470600    0.0049991400
   0.0009567000    0.0192938000    0.0170282000
   0.0000320600    0.0020694700   -0.0051533000

33   
  0.0000000000000000   0.0000000000000000   0.0100000000000000
  -0.0000599800   -0.0005735900   -0.0040050400
  -0.0020260400    0.0000050800    0.0060339200
   0.0009181300    0.0007736900   -0.0034157400
  -0.0035351500   -0.0026293800    0.0052903800
  -0.0028348600    0.0027514100    0.0021191600
   0.0003852700   -0.0008628600   -0.0023687700
  -0.0831685200   -0.0272153100    0.0867860300
  -0.0007316100   -0.0006958400   -0.0090281600
  -0.0007736900   -0.0009181300   -0.0034157400
   0.0026293800    0.0035351500    0.0052903800
   0.0272153100    0.0831685200    0.0867860300
   0.0006958400    0.0007316100   -0.0090281600
  -0.0027514100    0.0028348600    0.0021191600
   0.0008628600   -0.0003852700   -0.0023687700
   0.0005735900    0.0000599800   -0.0040050400
  -0.0000050800    0.0020260400    0.0060339200
   0.0001678700   -0.0014818800    0.0046351900
  -0.0003771500    0.0009287900   -0.0044917300
   0.0001711800   -0.0001711800   -0.0128004900
  -0.0011768600    0.0011768600    0.2792916800
   0.0007791000   -0.0007791000   -0.0031964400
  -0.0007058500    0.0007058500    0.0037934900
   0.0347174400   -0.0347174400    0.0531744100
   0.0011616300   -0.0011616300   -0.0066584200
   0.0014818800   -0.0001678700    0.0046351900
  -0.0009287900    0.0003771500   -0.0044917300
  -0.0005287100    0.0005287100   -0.0042358100
   0.0029046600   -0.0029046600    0.0091702700
  -0.0015041900   -0.0040720200   -0.0132746000
  -0.0000938600   -0.0006290900    0.0042226700
   0.0040720200    0.0015041900   -0.0132746000
   0.0006290900    0.0000938600    0.0042226700
   0.0222449400   -0.0222449400   -0.5311733000
  -0.0002820100    0.0002820100    0.0162774400
  -0.0009553900   -0.0002392000    0.0066449700
   0.0000294600    0.0002576000   -0.0109134000
   0.0060264200   -0.0060264200   -0.0156792100
  -0.0018702800    0.0018702800    0.0060785500
   0.0002392000    0.0009553900    0.0066449700
  -0.0002576000   -0.0000294600   -0.0109134000
   0.0005234000   -0.0005234000    0.0014894300
   0.0002761100   -0.0002761100    0.0008459200
  -0.0011740600   -0.0135591100    0.0101108200
   0.0010222500    0.0135457800    0.0084197300
   0.0135591100    0.0011740600    0.0101108200
  -0.0135457800   -0.0010222500    0.0084197300
  -0.0157642500    0.0157642500    0.0175589000
   0.0117649700   -0.0117649700    0.0125327000

33   
  0.0000000000000000   0.0000000000000000  -0.0100000000000000
  -0.0000085700    0.0002195800    0.0040050500
   0.0019502100   -0.0003571200   -0.0060494300
  -0.0008321800   -0.0004146500    0.0034220200
   0.0036144500    0.0029899100   -0.0053072200
   0.0032176100   -0.0028440800   -0.0021186200
  -0.0000370200    0.0007856600    0.0023575600
   0.0803597700    0.0264815800   -0.0864509700
   0.0003809000    0.0007743800    0.0089741400
   0.0004146500    0.0008321800    0.0034220200
  -0.0029899100   -0.0036144500   -0.0053072200
  -0.0264815800   -0.0803597700   -0.0864509700
  -0.0007743800   -0.0003809000    0.0089741400
   0.0028440800   -0.0032176100   -0.0021186200
  -0.0007856600    0.0000370200    0.0023575600
  -0.0002195800    0.0000085700    0.0040050500
   0.0003571200   -0.0019502100   -0.0060494300
  -0.0001575900    0.0014948100   -0.0046693500
   0.0003843400   -0.0009199700    0.0044246200
  -0.0001588300    0.0001588300    0.0126980800
   0.0011039200   -0.0011039200   -0.2985538900
  -0.0007736800    0.0007736800    0.0033983800
   0.0006991800   -0.0006991800   -0.0035960900
  -0.0342368300    0.0342368300   -0.0536954700
  -0.0011704600    0.0011704600    0.0064204700
  -0.0014948100    0.0001575900   -0.0046693500
   0.0009199700   -0.0003843400    0.0044246200
   0.0005088000   -0.0005088000    0.0042926900
  -0.0029317300    0.0029317300   -0.0091586300
   0.0014955200    0.0040540500    0.0133009500
   0.0000986600    0.0006404100   -0.0042138800
  -0.0040540500   -0.0014955200    0.0133009500
  -0.0006404100   -0.0000986600   -0.0042138800
  -0.0202123100    0.0202123100    0.5502488900
   0.0010013000   -0.0010013000   -0.0161078600
   0.0002373200   -0.0004737600   -0.0066711300
  -0.0007318500   -0.0009819900    0.0108977800
  -0.0067816700    0.0067816700    0.0157995100
   0.0011644900   -0.0011644900   -0.0060347300
   0.0004737600   -0.0002373200   -0.0066711300
   0.0009819900    0.0007318500    0.0108977800
  -0.0005151500    0.0005151500   -0.0016238200
  -0.0002579200    0.0002579200   -0.0009442300
   0.0011825900    0.0134135000   -0.0100078700
  -0.0010092200   -0.0135644000   -0.0083374200
  -0.0134135000   -0.0011825900   -0.0100078700
   0.0135644000    0.0010092200   -0.0083374200
   0.0155145300   -0.0155145300   -0.0175791600
  -0.0118006600    0.0118006600   -0.0126765700

41   
  0.0100000000000000   0.0000000000000000   0.0000000000000000
   0.0045223500    0.0007788800   -0.0000770700
   0.0008545500    0.0004738300    0.0001021400
  -0.0047600000   -0.0037137100   -0.0063105200
   0.0007507000   -0.0014215900    0.0029528600
   0.0105114900    0.0037871900   -0.0004921600
   0.0035455100    0.0000881700    0.0019561500
  -0.0020411500   -0.0010567600    0.0012243900
  -0.0013975400   -0.0010664500   -0.0006329200
   0.0068691400   -0.0043553000    0.0037585900
   0.0013927400   -0.0015991700   -0.0006076800
  -0.0032574100   -0.0001881300   -0.0002523800
  -0.0015184300    0.0004658400    0.0002028600
   0.0090522700    0.0016194200    0.0012095900
  -0.0009069600   -0.0009947900    0.0031729000
  -0.0075003800    0.0015119000    0.0003054300
  -0.0036975000    0.0003493300    0.0024308900
   0.0065345400    0.0019487300    0.0010130800
   0.0033811300    0.0011288600   -0.0006683200
  -0.0026907600    0.0002904500   -0.0001454500
  -0.0012825800    0.0002991700   -0.0004531200
   0.0085026800    0.0018773600    0.0006852200
   0.0020405600    0.0019032300    0.0024888100
  -0.0025179400    0.0045807100   -0.0007496300
  -0.0024703200    0.0018120600    0.0021439900
  -0.0078974300    0.0004401600    0.0079609500
  -0.0015921100    0.0009388100   -0.0039833400
   0.0061514600    0.0004003100    0.0014943900
   0.0010082400    0.0026971600   -0.0038177900
   0.0054455100    0.0042534100    0.0049637700
   0.0050195600    0.0020723300   -0.0036293600
  -0.0021934200    0.0025602300   -0.0015008300
  -0.0032227500    0.0036138500    0.0030616500
   0.0045376300   -0.0013119600    0.0005374600
   0.0038117800   -0.0009965300    0.0002931700
   0.0141830800   -0.0057911900    0.0135469500
   0.0017131000   -0.0011898700   -0.0136287400
  -0.0012201500   -0.0188586100    0.0156210600
  -0.0003702600   -0.0016902700   -0.0117610800
  -0.0153680900   -0.0053626900    0.0011266700
  -0.0033294700   -0.0006929000   -0.0010040100
  -0.0508654800    0.0179630900   -0.0228885000
  -0.0032864700    0.0010240200    0.0002433400
   0.0161204200    0.0009970600   -0.0014063400
   0.0031555400    0.0009989600    0.0003167900
  -0.0013563800   -0.0009627400    0.0013061000
  -0.0004639000   -0.0009959200    0.0001738200
   0.0055602900   -0.0074413800   -0.0005830400
   0.0005426300   -0.0011845900    0.0002992700

41   
 -0.0100000000000000   0.0000000000000000   0.0000000000000000
  -0.0045797000   -0.0011420800    0.0000868200
  -0.0009171600   -0.0008308800   -0.0001247100
   0.0050141500    0.0040857800    0.0063590800
  -0.0006662000    0.0017678000   -0.0029271700
  -0.0102049800   -0.0038868500    0.0004770400
  -0.0031865000   -0.0001614200   -0.0019646900
   0.0016928800    0.0011204700   -0.0012204600
   0.0010376600    0.0011322900    0.0006279300
  -0.0073149400    0.0041949500   -0.0036820900
  -0.0017644700    0.0015383400    0.0006052100
   0.0031819600    0.0005664000    0.0002561600
   0.0014401800   -0.0001020800   -0.0002074900
  -0.0097497400   -0.0019159700   -0.0017378500
   0.0009697300    0.0006352700   -0.0031818700
   0.0078772300   -0.0014292000   -0.0003435700
   0.0040519300   -0.0002811700   -0.0024156100
  -0.0064955800   -0.0019740800   -0.0011084100
  -0.0033587700   -0.0011090100    0.0006150800
   0.0026972900   -0.0003077100    0.0001987100
   0.0012980200   -0.0003134500    0.0005237100
  -0.0082791400   -0.0020150500   -0.0002421300
  -0.0020125400   -0.0018813600   -0.0022558700
   0.0024924900   -0.0045943700    0.0005365100
   0.0024613400   -0.0018072300   -0.0023557400
   0.0080655600   -0.0004566100   -0.0080465600
   0.0015813400   -0.0009446500    0.0039081800
  -0.0064309200   -0.0001531100   -0.0012384600
  -0.0010431100   -0.0027024200    0.0038762100
  -0.0054427300   -0.0042816100   -0.0050062500
  -0.0049975400   -0.0021105200    0.0036695700
   0.0021399700   -0.0025397900    0.0015068400
   0.0031949600   -0.0035955600   -0.0030631900
  -0.0038323300    0.0005960600   -0.0005029200
  -0.0030989200    0.0002909100   -0.0002431300
  -0.0148564900    0.0050366300   -0.0134257800
  -0.0024164100    0.0004776200    0.0134866300
   0.0006487200    0.0196869800   -0.0156585200
  -0.0003277800    0.0024067200    0.0118022100
   0.0160286100    0.0061150300   -0.0012277200
   0.0040266500    0.0013825100    0.0010295200
   0.0513087400   -0.0180721700    0.0228470500
   0.0032950300   -0.0010408900   -0.0003547600
  -0.0160961600   -0.0009135800    0.0015223000
  -0.0031342100   -0.0009798000   -0.0002058700
   0.0013829500    0.0009476600   -0.0012018000
   0.0004585400    0.0009834300   -0.0000632400
  -0.0055733800    0.0073810500    0.0004816500
  -0.0005662400    0.0011967100   -0.0004105700

41   
  0.0000000000000000   0.0000000000000000   0.0100000000000000
  -0.0007985800    0.0024123200    0.0024565800
   0.0005180400   -0.0003255500   -0.0038564700
  -0.0079706700   -0.0035016300    0.0016305400
   0.0017311100    0.0008732700   -0.0039482700
   0.0002010100    0.0001369100    0.0078375600
   0.0004236200   -0.0013327300   -0.0049561500
   0.0006576800    0.0009818900    0.0014647000
  -0.0005124400   -0.0007107000   -0.0020914000
   0.0035016300    0.0079706700    0.0016305400
  -0.0008732700   -0.0017311100   -0.0039482700
  -0.0009818900   -0.0006576800    0.0014647000
   0.0007107000    0.0005124400   -0.0020914000
  -0.0001369100   -0.0002010100    0.0078375600
   0.0013327300   -0.0004236200   -0.0049561500
  -0.0024123200    0.0007985800    0.0024565800
   0.0003255500   -0.0005180400   -0.0038564700
   0.0004445400   -0.0061452800    0.0027989800
   0.0001751800    0.0016922400   -0.0056074000
   0.0006292700   -0.0006292700    0.0016563700
  -0.0003732800    0.0003732800   -0.0021034500
   0.0009079600   -0.0009079600    0.0060781600
   0.0010631500   -0.0010631500   -0.0037605700
  -0.0042044700    0.0042044700    0.0009581800
   0.0014869900   -0.0014869900   -0.0028948700
   0.0061452800   -0.0004445400    0.0027989800
  -0.0016922400   -0.0001751800   -0.0056074000
   0.0004257500   -0.0004257500    0.0072969400
  -0.0013353600    0.0013353600   -0.0067006100
   0.0034129000    0.0041455900    0.0038369100
  -0.0040606600   -0.0017915000    0.0034801900
  -0.0041455900   -0.0034129000    0.0038369100
   0.0017915000    0.0040606600    0.0034801900
   0.0017912200   -0.0017912200    0.0015836700
  -0.0003948900    0.0003948900    0.0009096800
   0.0150119500   -0.0008732300    0.0100408900
  -0.0052929200   -0.0001731200    0.0083702500
   0.0165862400   -0.0165862400    0.0175534900
  -0.0054766300    0.0054766300    0.0126280400
   0.0008732300   -0.0150119500    0.0100408900
   0.0001731200    0.0052929200    0.0083702500
  -0.0226939100    0.0226939100   -0.0715550600
   0.0003067800   -0.0003067800    0.0086660400
   0.0014684500   -0.0012538100   -0.0107587400
  -0.0002554700   -0.0001089000    0.0059110100
   0.0012538100   -0.0014684500   -0.0107587400
   0.0001089000    0.0002554700    0.0059110100
   0.0005132400   -0.0005132400   -0.0087861200
  -0.0003600400    0.0003600400    0.0052517800

41   
  0.0000000000000000   0.0000000000000000  -0.0100000000000000
   0.0007363800   -0.0027663500   -0.0024619700
  -0.0005787100   -0.0000337300    0.0038212000
   0.0080787000    0.0038635600   -0.0015390000
  -0.0016890600   -0.0005137500    0.0039330700
   0.0000990400    0.0001193200   -0.0080748900
  -0.0000519100    0.0012437700    0.0049661500
  -0.0010180400   -0.0009190500   -0.0014597600
   0.0001506100    0.0007750400    0.0021118500
  -0.0038635600   -0.0080787000   -0.0015390000
   0.0005137500    0.0016890600    0.0039330700
   0.0009190500    0.0010180400   -0.0014597600
  -0.0007750400   -0.0001506100    0.0021118500
  -0.0001193200   -0.0000990400   -0.0080748900
  -0.0012437700    0.0000519100    0.0049661500
   0.0027663500   -0.0007363800   -0.0024619700
   0.0000337300    0.0005787100    0.0038212000
  -0.0004237600    0.0061050600   -0.0029889500
  -0.0001531900   -0.0016598500    0.0055404700
  -0.0006102100    0.0006102100   -0.0015681600
   0.0003964900   -0.0003964900    0.0021797300
  -0.0006727700    0.0006727700   -0.0055084500
  -0.0010862100    0.0010862100    0.0040525300
   0.0042071900   -0.0042071900   -0.0012525700
  -0.0014830300    0.0014830300    0.0026298300
  -0.0061050600    0.0004237600   -0.0029889500
   0.0016598500    0.0001531900    0.0055404700
  -0.0006165000    0.0006165000   -0.0070477400
   0.0013255600   -0.0013255600    0.0067681600
  -0.0034425700   -0.0041516000   -0.0038158800
   0.0040315900    0.0017701800   -0.0034938900
   0.0041516000    0.0034425700   -0.0038158800
  -0.0017701800   -0.0040315900   -0.0034938900
  -0.0010670400    0.0010670400   -0.0015350600
   0.0011180300   -0.0011180300   -0.0008872200
  -0.0156145300    0.0001425000   -0.0100707000
   0.0046612600   -0.0005515100   -0.0083783100
  -0.0175047200    0.0175047200   -0.0175912100
   0.0046640300   -0.0046640300   -0.0125888400
  -0.0001425000    0.0156145300   -0.0100707000
   0.0005515100   -0.0046612600   -0.0083783100
   0.0230395300   -0.0230395300    0.0715183300
  -0.0002882300    0.0002882300   -0.0087715200
  -0.0014561300    0.0012590700    0.0108602000
   0.0002685000    0.0001290200   -0.0058056800
  -0.0012590700    0.0014561300    0.0108602000
  -0.0001290200   -0.0002685000   -0.0058056800
  -0.0005548500    0.0005548500    0.0086779900
   0.0003461800   -0.0003461800   -0.0053636500
