80   
15   

1    
  0.0100000000000000   0.0000000000000000   0.0000000000000000
  -0.1042209200    0.0581982400   -0.0255959000
  -0.0015924400    0.0001943400    0.0005664700
  -0.0001527000   -0.0008760600   -0.0009486900
  -0.0004470300    0.0012514500    0.0001932000
   0.0014046300    0.0013863900   -0.0005631400
   0.0009784400   -0.0000088700    0.0018888200
   0.0030598100    0.0018890200   -0.0004388000
   0.0040642400    0.0026626600    0.0072931200
  -0.0010030600   -0.0010992400   -0.0000599700
   0.0044706300    0.0004072900    0.0011097600
   0.0013335100   -0.0005805500    0.0003202700
   0.0084405400   -0.0084717200    0.0054389200
  -0.0005424500   -0.0001940000    0.0018535700
  -0.0001398400   -0.0008745700   -0.0001815400
   0.0024729200    0.0001069300   -0.0005592200
   0.0028780600    0.0020134000   -0.0007365700
  -0.0031159000   -0.0014387500    0.0025734600
   0.0122090400   -0.0006847800   -0.0042244300
  -0.0011719800   -0.0001495400   -0.0004535100
   0.0028484500    0.0039538900    0.0016678200
  -0.0055198500    0.0016362800   -0.0008510300
   0.0239325500   -0.0058007000    0.0057436100
   0.0009233200   -0.0006248300    0.0008560600
   0.0023994600    0.0005043900    0.0002120500
   0.0008928900   -0.0007261900    0.0002841300
   0.0014424300    0.0005750700   -0.0009045700
  -0.0004521100   -0.0001868400   -0.0013956700
  -0.0001511300   -0.0001684200    0.0005702600
   0.0003405900    0.0009504700    0.0009067200
  -0.0013843900   -0.0018927300   -0.0001697200
  -0.0015967300    0.0000095800   -0.0000272300
   0.0003162400    0.0003218200    0.0006423300
   0.0011217000    0.0004023100    0.0001259000
  -0.0010349500   -0.0004449300   -0.0004009400
  -0.0091293800    0.0017262800    0.0026596100
  -0.0004077600   -0.0000026100    0.0007273900
   0.0054633000   -0.0056668300    0.0064763500
  -0.0000663200    0.0006294700    0.0016325000
  -0.0007545800    0.0001672000    0.0007648000
  -0.0009532200   -0.0009606800   -0.0000688200
   0.0017392900   -0.0013853100    0.0004419600
   0.0002387200   -0.0006704900   -0.0002358200
   0.0023113400    0.0018369000   -0.0006195700
   0.0002037600    0.0018504200    0.0003231900
   0.0011527100   -0.0001555200   -0.0003946900
   0.0002154800   -0.0004795700    0.0005399800
  -0.0059535900   -0.0069477200    0.0037097000
  -0.0016080100   -0.0008396500    0.0000283100
  -0.0016777800   -0.0004118600   -0.0011322900
  -0.0052811100   -0.0027116500    0.0030105100
   0.0581054100   -0.0392235600    0.0113652600
   0.0018728800    0.0004067800   -0.0003542100
  -0.0050051900    0.0012866600    0.0033846200
  -0.0015839200   -0.0001541300   -0.0004462400
   0.0010814100    0.0005900500   -0.0011333000
   0.0085613200    0.0046934900   -0.0111863900
   0.0021686000    0.0013949000    0.0009932400
  -0.0011190200   -0.0008114100   -0.0000239200
   0.0031728300    0.0010323100    0.0013137700
   0.0011894400   -0.0004430300   -0.0003996700
  -0.0010066700    0.0002338000   -0.0008278300
  -0.0040589100    0.0032240100    0.0038926000
   0.0011181200    0.0013490500    0.0007250500
   0.0023763100   -0.0008046200   -0.0011201300
  -0.0044217800    0.0037503300    0.0003908900
  -0.0006090800    0.0005406200   -0.0003863400
  -0.0016670000   -0.0008345300    0.0005679800
   0.0011718600   -0.0041123700   -0.0039156000
   0.0019347400    0.0003102900    0.0011935400
  -0.0012628600    0.0005081800    0.0000123300
  -0.0068195800    0.0011663500   -0.0045185800
   0.0050866900   -0.0081510400   -0.0058241700
  -0.0039260000   -0.0005405500   -0.0030157100
  -0.0051304700   -0.0037116600   -0.0007955300
  -0.0012316100   -0.0006614900    0.0004153800
   0.0078792800   -0.0052497700    0.0032539800
   0.0026159400    0.0023040500   -0.0021504800
  -0.0010810600    0.0004116300   -0.0002265200
   0.0009706100    0.0032955200   -0.0029142500
   0.0011209000   -0.0000190300   -0.0008684400

1    
 -0.0100000000000000   0.0000000000000000   0.0000000000000000
   0.1037055400   -0.0572496600    0.0244211700
   0.0015945200   -0.0001718600   -0.0005807800
   0.0001300600    0.0008786300    0.0009235100
   0.0004173400   -0.0012474600   -0.0001730100
  -0.0014036200   -0.0013741000    0.0005840300
  -0.0009956500   -0.0000137300   -0.0018913300
  -0.0030440400   -0.0018732800    0.0004400000
  -0.0040252000   -0.0027170600   -0.0072673400
   0.0009976800    0.0010868200    0.0000759200
  -0.0044449800   -0.0004158200   -0.0010767700
  -0.0013172300    0.0005912900   -0.0003501100
  -0.0084613700    0.0084893000   -0.0054350800
   0.0005459900    0.0002052000   -0.0018561600
   0.0001509300    0.0008677900    0.0001878600
  -0.0024732300   -0.0000971900    0.0005644600
  -0.0028669100   -0.0020083000    0.0007136700
   0.0031491600    0.0014200500   -0.0025297900
  -0.0119929100    0.0006914100    0.0041582400
   0.0011729800    0.0001416300    0.0004485700
  -0.0028549100   -0.0039595600   -0.0016718700
   0.0055111500   -0.0015335300    0.0008819500
  -0.0244267400    0.0059284700   -0.0058840400
  -0.0009207900    0.0006270800   -0.0008575400
  -0.0024029500   -0.0005076000   -0.0002129100
  -0.0008694800    0.0007020400   -0.0002829800
  -0.0014403200   -0.0005459900    0.0008796400
   0.0004125700    0.0001868800    0.0013651000
   0.0001313300    0.0001695400   -0.0005509000
  -0.0003445600   -0.0009216100   -0.0008774900
   0.0013572700    0.0018694900    0.0001694200
   0.0016200700    0.0000144200    0.0000274600
  -0.0003139400   -0.0003481000   -0.0006664400
  -0.0011210100   -0.0004261600   -0.0001023300
   0.0010612300    0.0004450000    0.0004275000
   0.0091099900   -0.0016682000   -0.0027204800
   0.0003790600    0.0000265100   -0.0007262600
  -0.0054597200    0.0056620300   -0.0064591400
   0.0000652700   -0.0006311500   -0.0016210200
   0.0007631700   -0.0001721300   -0.0007665000
   0.0009564900    0.0009686600    0.0000635600
  -0.0017334400    0.0013775500   -0.0004355400
  -0.0002419700    0.0006754000    0.0002414400
  -0.0023462400   -0.0018603900    0.0006322100
  -0.0002070200   -0.0018418000   -0.0003235400
  -0.0011545300    0.0001572100    0.0003953100
  -0.0002275100    0.0004757700   -0.0005455100
   0.0060399100    0.0069094000   -0.0037116800
   0.0016040100    0.0008423100   -0.0000237800
   0.0016963500    0.0004419500    0.0011122700
   0.0052704200    0.0027117600   -0.0030559700
  -0.0565299000    0.0372827800   -0.0100390000
  -0.0018384500   -0.0004269100    0.0003740100
   0.0050032800   -0.0012733800   -0.0033585000
   0.0015930100    0.0001610600    0.0004544100
  -0.0010987400   -0.0005853200    0.0011256300
  -0.0093114800   -0.0038923400    0.0115409400
  -0.0021258400   -0.0014114100   -0.0010075800
   0.0011037200    0.0008192600    0.0000270000
  -0.0031400300   -0.0010089100   -0.0013312900
  -0.0012130000    0.0004170400    0.0003678000
   0.0009780600   -0.0002104200    0.0008537000
   0.0040728500   -0.0032464800   -0.0038597400
  -0.0011217400   -0.0013644200   -0.0007276100
  -0.0024060800    0.0008199900    0.0011361100
   0.0044196500   -0.0037412500   -0.0004146600
   0.0006111700   -0.0005386800    0.0003947700
   0.0016743700    0.0008322600   -0.0005714100
  -0.0011722600    0.0041060800    0.0039163700
  -0.0019594900   -0.0003186200   -0.0011847900
   0.0012588400   -0.0005061600   -0.0000133000
   0.0068251900   -0.0011989400    0.0045289800
  -0.0053063100    0.0080352200    0.0056056400
   0.0039253500    0.0005493100    0.0030129700
   0.0051227000    0.0036929600    0.0007768900
   0.0012381900    0.0006539300   -0.0004158700
  -0.0077320100    0.0053767200   -0.0034031800
  -0.0026030800   -0.0023136000    0.0021559800
   0.0010825600   -0.0004156800    0.0002260500
  -0.0009751700   -0.0032924600    0.0029061600
  -0.0011275500    0.0000194700    0.0008665300

1    
  0.0000000000000000   0.0000000000000000   0.0100000000000000
  -0.0252588300    0.0252588300   -0.0648929600
  -0.0007951600    0.0012530500    0.0013904400
   0.0001552000    0.0003563300    0.0003280300
  -0.0001999800   -0.0007975700   -0.0015768600
   0.0007975700    0.0001999800   -0.0015768600
   0.0018717500   -0.0000393100    0.0010756300
   0.0004483300    0.0001805700   -0.0003437000
   0.0078541600   -0.0017196400    0.0040511000
  -0.0001950600    0.0003990300   -0.0009887000
  -0.0003990300    0.0001950600   -0.0009887000
  -0.0005716400   -0.0002623100    0.0003043300
  -0.0054403700    0.0054403700   -0.0056028300
   0.0008458900   -0.0008458900   -0.0007780800
  -0.0000943300    0.0006982400   -0.0009658600
  -0.0006982400    0.0000943300   -0.0009658600
  -0.0003188100    0.0000363100    0.0000731900
   0.0033550400   -0.0033550400    0.0119058400
  -0.0048528600    0.0014963600   -0.0022203900
  -0.0008685500   -0.0002972500   -0.0000691800
   0.0036552600    0.0052854800    0.0021343300
  -0.0014963600    0.0048528600   -0.0022203900
   0.0091365700   -0.0037351300   -0.0041837400
   0.0001048700   -0.0004211100    0.0009168000
   0.0007606100    0.0001567100    0.0000094100
   0.0002952100   -0.0002952100    0.0004646700
  -0.0003563300   -0.0001552000    0.0003280300
  -0.0012530500    0.0007951600    0.0013904400
  -0.0008919600   -0.0003590200    0.0014542700
   0.0003590200    0.0008919600    0.0014542700
  -0.0001805700   -0.0004483300   -0.0003437000
   0.0000393100   -0.0018717500    0.0010756300
   0.0002623100    0.0005716400    0.0003043300
   0.0000926100   -0.0004554900    0.0011307800
   0.0004554900   -0.0000926100    0.0011307800
   0.0017196400   -0.0078541600    0.0040511000
  -0.0007348600    0.0007348600    0.0009542300
   0.0010357900   -0.0010357900    0.0003779700
   0.0004007400   -0.0000407200    0.0019664100
   0.0000407200   -0.0004007400    0.0019664100
  -0.0001567100   -0.0007606100    0.0000094100
  -0.0000942400    0.0000942400    0.0003748100
  -0.0001680000    0.0004595000    0.0007896500
  -0.0052854800   -0.0036552600    0.0021343300
   0.0002972500    0.0008685500   -0.0000691800
  -0.0004595000    0.0001680000    0.0007896500
   0.0004211100   -0.0001048700    0.0009168000
   0.0037351300   -0.0091365700   -0.0041837400
  -0.0000363100    0.0003188100    0.0000731900
  -0.0010030200   -0.0006821500   -0.0020394400
  -0.0004412300   -0.0003993000    0.0020576000
   0.0181750000   -0.0181750000    0.0315501700
   0.0013141700   -0.0013141700   -0.0033990900
   0.0016183600   -0.0011526000    0.0000650900
   0.0013573900    0.0007293600    0.0015618500
  -0.0026481400    0.0026481400   -0.0015523000
  -0.0081182300    0.0081182300    0.0282824300
   0.0011526000   -0.0016183600    0.0000650900
  -0.0007293600   -0.0013573900    0.0015618500
   0.0003993000    0.0004412300    0.0020576000
   0.0006821500    0.0010030200   -0.0020394400
  -0.0004646900    0.0004646900   -0.0010111200
   0.0016801500   -0.0016801500   -0.0014324200
  -0.0003057900   -0.0006764100   -0.0010493400
   0.0032304600    0.0006593400   -0.0038682900
  -0.0005011400    0.0005011400    0.0006989500
   0.0001653300   -0.0001653300   -0.0005196400
   0.0006764100    0.0003057900   -0.0010493400
  -0.0006593400   -0.0032304600   -0.0038682900
   0.0006525900    0.0008364900    0.0030576300
   0.0002030100   -0.0000334500   -0.0005476000
  -0.0005093500    0.0018614000    0.0011464100
  -0.0068669000   -0.0086616600    0.0007486200
  -0.0017820500    0.0013882600   -0.0019744000
  -0.0008364900   -0.0006525900    0.0030576300
   0.0005031800   -0.0002768500   -0.0021444000
   0.0086616600    0.0068669000    0.0007486200
  -0.0013882600    0.0017820500   -0.0019744000
   0.0000334500   -0.0002030100   -0.0005476000
  -0.0018614000    0.0005093500    0.0011464100
   0.0002768500   -0.0005031800   -0.0021444000

1    
  0.0000000000000000   0.0000000000000000  -0.0100000000000000
   0.0247494200   -0.0247494200    0.0653153700
   0.0008050400   -0.0012472700   -0.0014161800
  -0.0001820400   -0.0003616900   -0.0003557400
   0.0001742500    0.0008033100    0.0016098600
  -0.0008033100   -0.0001742500    0.0016098600
  -0.0019078100    0.0000165500   -0.0010775900
  -0.0004310400   -0.0001598600    0.0003408400
  -0.0077355600    0.0016758400   -0.0040373100
   0.0001972400   -0.0004235000    0.0010118200
   0.0004235000   -0.0001972400    0.0010118200
   0.0005991000    0.0002646100   -0.0003245700
   0.0054347200   -0.0054347200    0.0056342900
  -0.0008537500    0.0008537500    0.0008068700
   0.0001014900   -0.0007031100    0.0009663700
   0.0007031100   -0.0001014900    0.0009663700
   0.0003179000   -0.0000342400   -0.0000636000
  -0.0034046100    0.0034046100   -0.0120811300
   0.0048496200   -0.0014874900    0.0022516900
   0.0008642200    0.0002887800    0.0000673100
  -0.0036821900   -0.0053388000   -0.0021567800
   0.0014874900   -0.0048496200    0.0022516900
  -0.0091118900    0.0037189700    0.0042425600
  -0.0001064800    0.0004183300   -0.0009259600
  -0.0007599100   -0.0001553300   -0.0000074900
  -0.0002728500    0.0002728500   -0.0004635100
   0.0003616900    0.0001820400   -0.0003557400
   0.0012472700   -0.0008050400   -0.0014161800
   0.0008642800    0.0003582000   -0.0014293800
  -0.0003582000   -0.0008642800   -0.0014293800
   0.0001598600    0.0004310400    0.0003408400
  -0.0000165500    0.0019078100   -0.0010775900
  -0.0002646100   -0.0005991000   -0.0003245700
  -0.0000896000    0.0004358800   -0.0011128700
  -0.0004358800    0.0000896000   -0.0011128700
  -0.0016758400    0.0077355600   -0.0040373100
   0.0007201200   -0.0007201200   -0.0009563300
  -0.0010576000    0.0010576000   -0.0004179100
  -0.0003925500    0.0000423700   -0.0019673600
  -0.0000423700    0.0003925500   -0.0019673600
   0.0001553300    0.0007599100   -0.0000074900
   0.0000890300   -0.0000890300   -0.0003736000
   0.0001694400   -0.0004568000   -0.0007944500
   0.0053388000    0.0036821900   -0.0021567800
  -0.0002887800   -0.0008642200    0.0000673100
   0.0004568000   -0.0001694400   -0.0007944500
  -0.0004183300    0.0001064800   -0.0009259600
  -0.0037189700    0.0091118900    0.0042425600
   0.0000342400   -0.0003179000   -0.0000636000
   0.0010404300    0.0007076300    0.0020188800
   0.0004138900    0.0003671600   -0.0020806100
  -0.0175607500    0.0175607500   -0.0313465200
  -0.0013013500    0.0013013500    0.0034444900
  -0.0016258200    0.0011551600   -0.0000819700
  -0.0013658100   -0.0007332600   -0.0015742900
   0.0026752200   -0.0026752200    0.0015439600
   0.0079295900   -0.0079295900   -0.0284120100
  -0.0011551600    0.0016258200   -0.0000819700
   0.0007332600    0.0013658100   -0.0015742900
  -0.0003671600   -0.0004138900   -0.0020806100
  -0.0007076300   -0.0010404300    0.0020188800
   0.0004416100   -0.0004416100    0.0010402500
  -0.0016669900    0.0016669900    0.0014709500
   0.0003110500    0.0006764500    0.0010546200
  -0.0032161800   -0.0006509800    0.0038623300
   0.0005155900   -0.0005155900   -0.0007061300
  -0.0001679400    0.0001679400    0.0005233700
  -0.0006764500   -0.0003110500    0.0010546200
   0.0006509800    0.0032161800    0.0038623300
  -0.0006502500   -0.0008321200   -0.0030443600
  -0.0001964900    0.0000384800    0.0005540400
   0.0005009100   -0.0018597600   -0.0011664500
   0.0066998900    0.0085558500   -0.0010066800
   0.0017815700   -0.0013643400    0.0019835500
   0.0008321200    0.0006502500   -0.0030443600
  -0.0005127600    0.0002783800    0.0021485600
  -0.0085558500   -0.0066998900   -0.0010066800
   0.0013643400   -0.0017815700    0.0019835500
  -0.0000384800    0.0001964900    0.0005540400
   0.0018597600   -0.0005009100   -0.0011664500
  -0.0002783800    0.0005127600    0.0021485600

13   
  0.0100000000000000   0.0000000000000000   0.0000000000000000
  -0.0005321000   -0.0002127400    0.0008504600
   0.0000683200   -0.0007126300   -0.0000400700
  -0.0009648900   -0.0001555400   -0.0005161400
   0.0024500800    0.0007006400   -0.0008514800
  -0.0009643400    0.0005723000    0.0001943900
  -0.0059690700    0.0058987400    0.0037466400
   0.0002347000    0.0006362000   -0.0004171100
   0.0007881700   -0.0002516000   -0.0004061800
   0.0021303800    0.0006059800    0.0016682600
   0.0023270400    0.0052795700   -0.0039202100
   0.0120016300   -0.0047972600    0.0015558300
  -0.0031250500   -0.0014200400   -0.0033803400
  -0.1288081000   -0.0010676500    0.0586015000
  -0.0043638400    0.0027575000    0.0009855200
   0.0043378600   -0.0037092100   -0.0023322700
   0.0043341200    0.0037854100    0.0027396200
   0.0052702800   -0.0070386400    0.0024931600
   0.0020331600   -0.0007802600    0.0003748000
  -0.0009235900   -0.0004829200   -0.0000776100
  -0.0007855800   -0.0003643700   -0.0005006000
  -0.0002517900    0.0003731400    0.0004455900
  -0.0052342400    0.0014273400   -0.0023062600
   0.0005546100   -0.0007391600   -0.0001018200
   0.0000643000    0.0000819800   -0.0003064200
   0.0054807200   -0.0056820600    0.0010449300
   0.0000106100   -0.0000535500   -0.0002222200
   0.0028517000   -0.0003194500    0.0008233300
  -0.0007708800   -0.0000387500    0.0006446100
   0.0019700800   -0.0007529500   -0.0016220200
   0.0009076300    0.0004658900    0.0001041900
   0.0244159100    0.0070021700   -0.0092062600
  -0.0022217600   -0.0042148100   -0.0008883900
  -0.0000638700    0.0004342100    0.0003376500
  -0.0011642000    0.0008670600   -0.0018374800
   0.0002513900   -0.0001663000   -0.0001676400
   0.0017228400   -0.0013680600    0.0000944300
   0.0005384200    0.0000652400   -0.0002695400
   0.0013171100    0.0001033000    0.0003055700
  -0.0005255800   -0.0003324200   -0.0000816200
  -0.0005248200   -0.0001715900    0.0001040900
   0.0005450100    0.0000051500    0.0001667100
  -0.0025124600   -0.0018721900    0.0012976400
   0.0044708600    0.0010814100    0.0003728000
   0.0013271500    0.0000785100   -0.0006645500
   0.0012709700    0.0013000600    0.0013394400
   0.0022259400    0.0007440300   -0.0009792500
   0.0018578100   -0.0014166600    0.0057303400
   0.0011303200    0.0023302900   -0.0009750300
   0.0003754600   -0.0011790700   -0.0007836800
   0.0020533800   -0.0016725700    0.0016974800
  -0.0006716000   -0.0001414000   -0.0000198100
  -0.0029078800    0.0019029800    0.0015787800
  -0.0038437400   -0.0010400900   -0.0005923900
  -0.0062060200    0.0004291600    0.0024741600
   0.0523451500   -0.0344354700   -0.0487537900
   0.0038631100    0.0012987900   -0.0012829000
  -0.0009180100   -0.0011194800   -0.0008976700
   0.0005431300    0.0005489900    0.0021415500
  -0.0018331800    0.0004149600   -0.0009255300
  -0.0047435000   -0.0055010800    0.0063406300
  -0.0032169300    0.0101416700   -0.0057784700
   0.0003898000    0.0018329600    0.0009841700
   0.0027511400   -0.0006634000    0.0001522000
   0.0008083500    0.0010688200    0.0001020900
  -0.0010105500   -0.0003014200    0.0002016200
  -0.0035010700    0.0018585900    0.0000009500
   0.0008523100   -0.0009590100   -0.0007704700
  -0.0011537000    0.0007877600    0.0010300800
   0.0007173700   -0.0004184700   -0.0009153500
   0.0003767600    0.0010550600   -0.0009873200
   0.0252937900    0.0114105700   -0.0143714500
   0.0035990100    0.0018808400   -0.0019674700
  -0.0010360200   -0.0000371800    0.0002304600
  -0.0020871800   -0.0000313100    0.0018399700
  -0.0041467800   -0.0011668600   -0.0021129600
  -0.0066596800    0.0008636600   -0.0037881500
  -0.0002949300   -0.0003002300    0.0005465400
  -0.0022991400   -0.0001426500   -0.0006101900
   0.0205987200    0.0151075900    0.0104833100
   0.0027794700    0.0000319600    0.0008025900

13   
 -0.0100000000000000   0.0000000000000000   0.0000000000000000
   0.0005547800    0.0001874700   -0.0008517800
  -0.0000691200    0.0007365500    0.0000135800
   0.0009455600    0.0001564500    0.0004967600
  -0.0024957000   -0.0007024600    0.0008902300
   0.0009683200   -0.0005526500   -0.0001758500
   0.0060239800   -0.0058286900   -0.0037054900
  -0.0002098300   -0.0006167100    0.0004232600
  -0.0007953700    0.0002269200    0.0003851200
  -0.0021615900   -0.0006444900   -0.0016724500
  -0.0023329200   -0.0053448500    0.0039926100
  -0.0122011900    0.0049045400   -0.0016133800
   0.0031402500    0.0014381700    0.0033804400
   0.1283792200    0.0028871200   -0.0579248400
   0.0043460500   -0.0027516000   -0.0009810700
  -0.0043575800    0.0037257500    0.0023444800
  -0.0043618300   -0.0038134200   -0.0027696800
  -0.0052495100    0.0069918100   -0.0025455700
  -0.0020465300    0.0007815900   -0.0003684800
   0.0009209100    0.0004814100    0.0000767200
   0.0007915200    0.0003731300    0.0004919700
   0.0002461900   -0.0003694700   -0.0004430300
   0.0052819000   -0.0014164600    0.0022922800
  -0.0005438200    0.0007468900    0.0001053900
  -0.0000662700   -0.0000869200    0.0003088900
  -0.0054427300    0.0056467800   -0.0010466400
  -0.0000072200    0.0000775300    0.0002039200
  -0.0028925600    0.0003167600   -0.0008571400
   0.0007468100    0.0000438400   -0.0006165300
  -0.0019644900    0.0007773100    0.0016311800
  -0.0009361200   -0.0004887000   -0.0001063400
  -0.0239437800   -0.0068573700    0.0090456000
   0.0022505000    0.0041675300    0.0008451000
   0.0000702200   -0.0004667100   -0.0003098300
   0.0011788200   -0.0008644800    0.0018543900
  -0.0002312300    0.0001696100    0.0001464600
  -0.0017499300    0.0013944400   -0.0000922600
  -0.0005412700   -0.0000632100    0.0002733200
  -0.0013223600   -0.0001101100   -0.0003083800
   0.0005272700    0.0003320100    0.0000880200
   0.0005274200    0.0001756500   -0.0001089400
  -0.0005399200   -0.0000091600   -0.0001613800
   0.0025071200    0.0018811200   -0.0012925800
  -0.0044862500   -0.0010955700   -0.0003659700
  -0.0013315200   -0.0000755600    0.0006638700
  -0.0012548200   -0.0012906800   -0.0013365300
  -0.0022228500   -0.0007427800    0.0009692900
  -0.0018590800    0.0014266300   -0.0057158600
  -0.0011437300   -0.0023470300    0.0009909000
  -0.0003873200    0.0012034800    0.0007339400
  -0.0021044300    0.0016620700   -0.0017397500
   0.0006524900    0.0001706300    0.0000417500
   0.0029444300   -0.0019283000   -0.0015520900
   0.0038714100    0.0010461000    0.0006012400
   0.0062372900   -0.0004194800   -0.0025124000
  -0.0513837400    0.0327666500    0.0469227900
  -0.0038664100   -0.0013016300    0.0013102500
   0.0009352200    0.0011257800    0.0008928900
  -0.0005537100   -0.0005449600   -0.0021210600
   0.0018712700   -0.0004089500    0.0009048200
   0.0047429200    0.0054567600   -0.0063414500
   0.0031342000   -0.0101488400    0.0058480200
  -0.0003741700   -0.0018636900   -0.0009707400
  -0.0027481700    0.0006562100   -0.0001508300
  -0.0008074200   -0.0010664800   -0.0001044600
   0.0010128300    0.0003044300   -0.0002115700
   0.0034852600   -0.0018621700    0.0000139700
  -0.0008465800    0.0009606200    0.0007653600
   0.0011558600   -0.0007834400   -0.0010219800
  -0.0007229500    0.0004189500    0.0009187200
  -0.0003777700   -0.0010558100    0.0009799800
  -0.0262299500   -0.0121837600    0.0152993200
  -0.0035977800   -0.0018998700    0.0019846900
   0.0010341400    0.0000383600   -0.0002353300
   0.0021003600    0.0000307800   -0.0018627100
   0.0041561500    0.0011816400    0.0021421900
   0.0066852800   -0.0008476400    0.0037834800
   0.0002973000    0.0002968500   -0.0005464000
   0.0022946000    0.0001384300    0.0006122900
  -0.0204818900   -0.0146190700   -0.0101207100
  -0.0027744400   -0.0000315300   -0.0008080200

13   
  0.0000000000000000   0.0000000000000000   0.0100000000000000
   0.0018698500   -0.0018698500   -0.0007920000
   0.0000364500    0.0020226000   -0.0016158400
   0.0009556900    0.0007611600    0.0023937300
   0.0000935500   -0.0000936600   -0.0001367400
   0.0000936600   -0.0000935500   -0.0001367400
   0.0037103300    0.0058360100   -0.0041822900
  -0.0005326400   -0.0008458700    0.0009200100
  -0.0004590400    0.0006599600    0.0011418800
   0.0036677000    0.0018358700    0.0028650800
  -0.0018358700   -0.0036677000    0.0028650800
  -0.0006424900    0.0014834700   -0.0055313100
  -0.0025799000    0.0025799000    0.0120762600
   0.0573111400   -0.0573111400   -0.1186176100
  -0.0032334000    0.0038005600    0.0011356100
  -0.0038005600    0.0032334000    0.0011356100
  -0.0037280400   -0.0032440900   -0.0043735300
  -0.0025246300    0.0025246300   -0.0125958800
  -0.0007796000   -0.0000021400   -0.0002511700
   0.0004816300    0.0006436100    0.0013293100
   0.0005015800    0.0010839200   -0.0007912200
   0.0000021400    0.0007796000   -0.0002511700
   0.0022991900   -0.0057434300    0.0042709300
  -0.0001027900   -0.0009711100    0.0008660200
   0.0004093100    0.0003341900    0.0013221700
   0.0064631200   -0.0064631200    0.0003949100
  -0.0007611600   -0.0009556900    0.0023937300
  -0.0020226000   -0.0000364500   -0.0016158400
   0.0001551600    0.0003998700   -0.0000503700
  -0.0003998700   -0.0001551600   -0.0000503700
   0.0008458700    0.0005326400    0.0009200100
  -0.0058360100   -0.0037103300   -0.0041822900
  -0.0014834700    0.0006424900   -0.0055313100
   0.0002968900   -0.0001587000    0.0002193200
   0.0001587000   -0.0002968900    0.0002193200
  -0.0006599600    0.0004590400    0.0011418800
  -0.0004480100    0.0004480100    0.0003746000
  -0.0002699500    0.0002699500    0.0008770400
  -0.0004058100   -0.0001721300    0.0000649000
   0.0001721300    0.0004058100    0.0000649000
  -0.0003341900   -0.0004093100    0.0013221700
  -0.0001657200    0.0001657200    0.0016534500
  -0.0018735600   -0.0019661700    0.0012653500
  -0.0010839200   -0.0005015800   -0.0007912200
  -0.0006436100   -0.0004816300    0.0013293100
   0.0019661700    0.0018735600    0.0012653500
   0.0009711100    0.0001027900    0.0008660200
   0.0057434300   -0.0022991900    0.0042709300
   0.0032440900    0.0037280400   -0.0043735300
  -0.0021921900   -0.0007851600   -0.0006304700
   0.0000246500    0.0020864800   -0.0024612400
  -0.0004894400    0.0004894400   -0.0014543500
   0.0014041000   -0.0014041000    0.0007656500
   0.0026130700    0.0009889000    0.0010907700
   0.0014837600   -0.0008170000    0.0022372700
  -0.0481029000    0.0481029000    0.0835350700
  -0.0035971500    0.0035971500   -0.0048676500
  -0.0009889000   -0.0026130700    0.0010907700
   0.0008170000   -0.0014837600    0.0022372700
  -0.0020864800   -0.0000246500   -0.0024612400
   0.0007851600    0.0021921900   -0.0006304700
  -0.0032249700    0.0032249700    0.0107595200
   0.0037301100   -0.0037301100   -0.0045267200
   0.0003519100    0.0007528400   -0.0028236600
   0.0000408900   -0.0015269300   -0.0011796600
   0.0002426200   -0.0002426200   -0.0004463200
  -0.0018087300    0.0018087300    0.0008385400
  -0.0007528400   -0.0003519100   -0.0028236600
   0.0015269300   -0.0000408900   -0.0011796600
  -0.0004095100   -0.0014104500   -0.0021720200
   0.0001029100    0.0005449100   -0.0023391200
  -0.0110968000   -0.0064597800    0.0182330000
  -0.0019899100   -0.0001668900    0.0041567200
   0.0001613800    0.0000242100   -0.0012644900
   0.0014104500    0.0004095100   -0.0021720200
   0.0005427400   -0.0006024700    0.0023038100
   0.0001668900    0.0019899100    0.0041567200
  -0.0000242100   -0.0001613800   -0.0012644900
  -0.0005449100   -0.0001029100   -0.0023391200
   0.0064597800    0.0110968000    0.0182330000
   0.0006024700   -0.0005427400    0.0023038100

13   
  0.0000000000000000   0.0000000000000000  -0.0100000000000000
  -0.0018404200    0.0018404200    0.0007916400
  -0.0000372300   -0.0019998000    0.0015965400
  -0.0009740600   -0.0007566700   -0.0024079900
  -0.0001104000    0.0001002700    0.0001538100
  -0.0001002700    0.0001104000    0.0001538100
  -0.0037105600   -0.0057894100    0.0042450100
   0.0005526400    0.0008672300   -0.0009208500
   0.0004589500   -0.0006856500   -0.0011657300
  -0.0036713300   -0.0018617900   -0.0028380900
   0.0018617900    0.0036713300   -0.0028380900
   0.0007324200   -0.0015021600    0.0055002200
   0.0025241300   -0.0025241300   -0.0119140800
  -0.0592060900    0.0592060900    0.1197805200
   0.0032399800   -0.0037987200   -0.0011370700
   0.0037987200   -0.0032399800   -0.0011370700
   0.0037100400    0.0032299800    0.0043347600
   0.0025185800   -0.0025185800    0.0127265000
   0.0007810800    0.0000095000    0.0002488000
  -0.0004837400   -0.0006547500   -0.0013303100
  -0.0004998200   -0.0010910300    0.0007846700
  -0.0000095000   -0.0007810800    0.0002488000
  -0.0022988600    0.0057020900   -0.0042555900
   0.0001055600    0.0009788400   -0.0008670800
  -0.0004119100   -0.0003322600   -0.0013182300
  -0.0064725800    0.0064725800   -0.0004031000
   0.0007566700    0.0009740600   -0.0024079900
   0.0019998000    0.0000372300    0.0015965400
  -0.0001833600   -0.0003961500    0.0000808600
   0.0003961500    0.0001833600    0.0000808600
  -0.0008672300   -0.0005526400   -0.0009208500
   0.0057894100    0.0037105600    0.0042450100
   0.0015021600   -0.0007324200    0.0055002200
  -0.0002917300    0.0001330300   -0.0001920200
  -0.0001330300    0.0002917300   -0.0001920200
   0.0006856500   -0.0004589500   -0.0011657300
   0.0004303200   -0.0004303200   -0.0003747300
   0.0002702000   -0.0002702000   -0.0008722600
   0.0004142800    0.0001736000   -0.0000626000
  -0.0001736000   -0.0004142800   -0.0000626000
   0.0003322600    0.0004119100   -0.0013182300
   0.0001621900   -0.0001621900   -0.0016414000
   0.0018783900    0.0019713500   -0.0012597300
   0.0010910300    0.0004998200    0.0007846700
   0.0006547500    0.0004837400   -0.0013303100
  -0.0019713500   -0.0018783900   -0.0012597300
  -0.0009788400   -0.0001055600   -0.0008670800
  -0.0057020900    0.0022988600   -0.0042555900
  -0.0032299800   -0.0037100400    0.0043347600
   0.0021930700    0.0007998300    0.0005825300
  -0.0000435800   -0.0021065600    0.0024340200
   0.0004598100   -0.0004598100    0.0014790200
  -0.0013806800    0.0013806800   -0.0007526700
  -0.0026108000   -0.0009849100   -0.0010942300
  -0.0014932800    0.0008154300   -0.0022114700
   0.0503564200   -0.0503564200   -0.0854646100
   0.0035771200   -0.0035771200    0.0048554500
   0.0009849100    0.0026108000   -0.0010942300
  -0.0008154300    0.0014932800   -0.0022114700
   0.0021065600    0.0000435800    0.0024340200
  -0.0007998300   -0.0021930700    0.0005825300
   0.0030750300   -0.0030750300   -0.0108812800
  -0.0036792200    0.0036792200    0.0045392200
  -0.0003567000   -0.0007564000    0.0028134100
  -0.0000387900    0.0015451500    0.0011833200
  -0.0002426400    0.0002426400    0.0004441500
   0.0018092700   -0.0018092700   -0.0008399600
   0.0007564000    0.0003567000    0.0028134100
  -0.0015451500    0.0000387900    0.0011833200
   0.0004075300    0.0014092600    0.0021725500
  -0.0001048600   -0.0005478900    0.0023338500
   0.0104949900    0.0060898200   -0.0179577200
   0.0019964700    0.0001672500   -0.0041374400
  -0.0001640700   -0.0000247300    0.0012622900
  -0.0014092600   -0.0004075300    0.0021725500
  -0.0005485700    0.0005894200   -0.0023066900
  -0.0001672500   -0.0019964700   -0.0041374400
   0.0000247300    0.0001640700    0.0012622900
   0.0005478900    0.0001048600    0.0023338500
  -0.0060898200   -0.0104949900   -0.0179577200
  -0.0005894200    0.0005485700   -0.0023066900

49   
  0.0100000000000000   0.0000000000000000   0.0000000000000000
  -0.0016737700   -0.0004443700   -0.0010244100
  -0.0034266600   -0.0003493200    0.0003493200
   0.0011895300    0.0006965600    0.0004148900
  -0.0010034600    0.0004542400    0.0002326300
   0.0020715800   -0.0013146700   -0.0030287900
   0.0581893100    0.0392919800    0.0185317400
   0.0018644000   -0.0004077000   -0.0013070000
  -0.0020276400   -0.0003969700   -0.0011351200
  -0.0010228300    0.0008316100   -0.0008316100
   0.0031598600   -0.0003825800    0.0027105100
   0.0018644000    0.0013070000    0.0004077000
   0.0011895300   -0.0004148900   -0.0006965600
   0.0003768600   -0.0054552800   -0.0021862700
   0.0007603100    0.0015664900   -0.0015664900
   0.0020774300    0.0000307700   -0.0004150000
  -0.0031852700    0.0031455400    0.0101214600
  -0.0047215000   -0.0012024400   -0.0007841100
  -0.0029248900    0.0013905600    0.0019115100
   0.0003768600    0.0021862700    0.0054552800
   0.0109158000    0.0058037800   -0.0058037800
  -0.0024486900    0.0017219200   -0.0009176100
   0.0003826400   -0.0018505700   -0.0037054600
  -0.0031852700   -0.0101214600   -0.0031455400
  -0.0006193000    0.0007568200   -0.0063700900
   0.0031598600   -0.0027105100    0.0003825800
  -0.0014524700    0.0038931200   -0.0038931200
  -0.0052756800   -0.0004311900   -0.0010347900
   0.0581893100   -0.0185317400   -0.0392919800
  -0.0020276400    0.0011351200    0.0003969700
  -0.0010034600   -0.0002326300   -0.0004542400
  -0.0040490800   -0.0032198100   -0.0016701100
   0.0020715800    0.0030287900    0.0013146700
   0.0313210200   -0.0103543600    0.0103543600
  -0.0016737700    0.0010244100    0.0004443700
  -0.0040490800    0.0016701100    0.0032198100
  -0.0052756800    0.0010347900    0.0004311900
  -0.0018506000   -0.0016681900   -0.0020936300
  -0.0045343500    0.0009701400   -0.0009701400
  -0.0047215000    0.0007841100    0.0012024400
  -0.0006602200    0.0004789400   -0.0001553000
   0.0020774300    0.0004150000   -0.0000307700
   0.0003826400    0.0037054600    0.0018505700
  -0.0018506000    0.0020936300    0.0016681900
  -0.0014652100    0.0000334100   -0.0000334100
  -0.0006193000    0.0063700900   -0.0007568200
  -0.0029248900   -0.0019115100   -0.0013905600
  -0.0006602200    0.0001553000   -0.0004789400
  -0.0024486900    0.0009176100   -0.0017219200
  -0.1819726700   -0.0036150700    0.0036150700
  -0.0054088000    0.0031116500    0.0011593800
   0.0039891900    0.0020494500   -0.0001650700
   0.0080124400    0.0011547300   -0.0011547300
   0.0088368800    0.0038613000   -0.0103578300
  -0.0000152300   -0.0008579400   -0.0007609800
   0.0145896100    0.0150505900    0.0008224400
   0.0002376100    0.0011901000    0.0008308500
   0.0021164500   -0.0004582100    0.0004582100
  -0.0075873200   -0.0046975300    0.0046975300
   0.0019566100   -0.0007453500    0.0007453500
   0.0039891900    0.0001650700   -0.0020494500
  -0.0054088000   -0.0011593800   -0.0031116500
  -0.0033448900   -0.0020530400    0.0020530400
   0.0002376100   -0.0008308500   -0.0011901000
   0.0145896100   -0.0008224400   -0.0150505900
  -0.0000152300    0.0007609800    0.0008579400
   0.0088368800    0.0103578300   -0.0038613000
  -0.0027259700   -0.0126990700    0.0126990700
   0.0024498800   -0.0007872400    0.0007872400
   0.0005755000   -0.0014665800   -0.0002000900
  -0.0150549900   -0.0032236400   -0.0013554200
  -0.0150549900    0.0013554200    0.0032236400
   0.0110826000   -0.0013651100    0.0137479300
   0.0110539100   -0.0000743100    0.0124414400
   0.0013285800   -0.0013827200    0.0009569100
   0.0110539100   -0.0124414400    0.0000743100
   0.0049135600   -0.0004322000    0.0009335800
   0.0049135600   -0.0009335800    0.0004322000
   0.0013285800   -0.0009569100    0.0013827200
   0.0005755000    0.0002000900    0.0014665800
   0.0110826000   -0.0137479300    0.0013651100

49   
 -0.0100000000000000   0.0000000000000000   0.0000000000000000
   0.0016995500    0.0004167900    0.0010212700
   0.0034180000    0.0003782800   -0.0003782800
  -0.0012148900   -0.0006949400   -0.0004393600
   0.0009801800   -0.0004519900   -0.0002116400
  -0.0020685500    0.0013307400    0.0030368400
  -0.0564467600   -0.0372145700   -0.0172190800
  -0.0018476500    0.0004255200    0.0013067500
   0.0020281500    0.0003702700    0.0011104300
   0.0010281900   -0.0008503500    0.0008503500
  -0.0031531000    0.0003825500   -0.0027126600
  -0.0018476500   -0.0013067500   -0.0004255200
  -0.0012148900    0.0004393600    0.0006949400
  -0.0003855200    0.0055023500    0.0021985500
  -0.0007593600   -0.0015638300    0.0015638300
  -0.0020787300   -0.0000355600    0.0004105100
   0.0031698200   -0.0031554900   -0.0101695100
   0.0047680900    0.0011783700    0.0007979700
   0.0029257800   -0.0013942100   -0.0019203000
  -0.0003855200   -0.0021985500   -0.0055023500
  -0.0107253400   -0.0058218800    0.0058218800
   0.0024480300   -0.0017149100    0.0009146600
  -0.0003797000    0.0018466500    0.0037039500
   0.0031698200    0.0101695100    0.0031554900
   0.0005952700   -0.0007616200    0.0063105300
  -0.0031531000    0.0027126600   -0.0003825500
   0.0014495300   -0.0038596900    0.0038596900
   0.0052759400    0.0004228900    0.0010063400
  -0.0564467600    0.0172190800    0.0372145700
   0.0020281500   -0.0011104300   -0.0003702700
   0.0009801800    0.0002116400    0.0004519900
   0.0040829100    0.0032514900    0.0016756400
  -0.0020685500   -0.0030368400   -0.0013307400
  -0.0315762200    0.0110373100   -0.0110373100
   0.0016995500   -0.0010212700   -0.0004167900
   0.0040829100   -0.0016756400   -0.0032514900
   0.0052759400   -0.0010063400   -0.0004228900
   0.0018528800    0.0016667700    0.0021002300
   0.0045324600   -0.0009848000    0.0009848000
   0.0047680900   -0.0007979700   -0.0011783700
   0.0006639700   -0.0004726100    0.0001555200
  -0.0020787300   -0.0004105100    0.0000355600
  -0.0003797000   -0.0037039500   -0.0018466500
   0.0018528800   -0.0021002300   -0.0016667700
   0.0014668600   -0.0000285100    0.0000285100
   0.0005952700   -0.0063105300    0.0007616200
   0.0029257800    0.0019203000    0.0013942100
   0.0006639700   -0.0001555200    0.0004726100
   0.0024480300   -0.0009146600    0.0017149100
   0.1786094300    0.0021739200   -0.0021739200
   0.0053892400   -0.0031332800   -0.0011656600
  -0.0040195100   -0.0020257700    0.0001969200
  -0.0080089500   -0.0011700700    0.0011700700
  -0.0088886400   -0.0038965600    0.0104556500
   0.0000154800    0.0008662100    0.0007615600
  -0.0146124800   -0.0150264700   -0.0008059000
  -0.0002407500   -0.0011895300   -0.0008170600
  -0.0021151600    0.0004493800   -0.0004493800
   0.0075360700    0.0046900200   -0.0046900200
  -0.0019313800    0.0007678300   -0.0007678300
  -0.0040195100   -0.0001969200    0.0020257700
   0.0053892400    0.0011656600    0.0031332800
   0.0033682500    0.0020232900   -0.0020232900
  -0.0002407500    0.0008170600    0.0011895300
  -0.0146124800    0.0008059000    0.0150264700
   0.0000154800   -0.0007615600   -0.0008662100
  -0.0088886400   -0.0104556500    0.0038965600
   0.0026918100    0.0126164400   -0.0126164400
  -0.0024649400    0.0007912000   -0.0007912000
  -0.0005790200    0.0014708100    0.0002112400
   0.0151020200    0.0032467100    0.0013689700
   0.0151020200   -0.0013689700   -0.0032467100
  -0.0110343000    0.0014095600   -0.0136452300
  -0.0110607100    0.0001507700   -0.0125291600
  -0.0013181400    0.0013795800   -0.0009353000
  -0.0110607100    0.0125291600   -0.0001507700
  -0.0049285000    0.0004409800   -0.0009326100
  -0.0049285000    0.0009326100   -0.0004409800
  -0.0013181400    0.0009353000   -0.0013795800
  -0.0005790200   -0.0002112400   -0.0014708100
  -0.0110343000    0.0136452300   -0.0014095600

53   
  0.0100000000000000   0.0000000000000000   0.0000000000000000
  -0.0049933600    0.0013874800    0.0016144700
  -0.0038574200   -0.0038973300    0.0011245500
  -0.0006215000    0.0001669900   -0.0005514800
   0.0010761000    0.0026664400    0.0005991400
  -0.0038731700    0.0039341100    0.0011327500
  -0.0050163500   -0.0014172600    0.0016290700
   0.0024010400    0.0041243800   -0.0032284400
   0.0000708500    0.0009831000    0.0033617200
  -0.0010524000   -0.0005832500    0.0007398500
   0.0093416100    0.0082177800   -0.0039133500
   0.0011028300   -0.0026564100    0.0005766400
  -0.0015985300   -0.0008070100   -0.0013603200
  -0.0038637700   -0.0011237300    0.0026168900
  -0.0011753400    0.0010241900   -0.0000977100
   0.0038729200   -0.0035910400   -0.0012991300
   0.0523473100    0.0501517700   -0.0343686800
  -0.0062152300    0.0005397800   -0.0014808200
   0.0513826300   -0.0483021400   -0.0328341000
  -0.0034943600    0.0018022700   -0.0018636800
  -0.0028169900    0.0007737500    0.0001490300
  -0.0028204000   -0.0007604800    0.0001524500
  -0.0062253700   -0.0005505000   -0.0014939000
   0.0027524400    0.0009646800    0.0003557300
   0.0022219000   -0.0021376100   -0.0024970600
   0.0011323800   -0.0008455600   -0.0003094000
   0.0015703300   -0.0000117000    0.0004389100
   0.0085298200   -0.0078373800   -0.0046742700
  -0.0044328200    0.0005078400    0.0037603500
   0.0015651500    0.0000387700    0.0004626900
   0.0011070600    0.0008218800   -0.0003079300
  -0.0015777800    0.0008266700   -0.0013622300
  -0.0010498600    0.0005575500    0.0007118900
   0.0000745600   -0.0010169500    0.0033796600
  -0.0005982600   -0.0001679500   -0.0005275600
  -0.0044069400   -0.0005071800    0.0037321900
   0.0023807500   -0.0040943600   -0.0032168800
   0.0027476700   -0.0009570600    0.0003513600
   0.0022250800    0.0021261500   -0.0024912800
  -0.0034926500   -0.0018165500   -0.0018589000
  -0.0010101200   -0.0002408100   -0.0003036600
   0.0008108500    0.0007861300   -0.0000391200
  -0.0010122700    0.0002458200   -0.0003003100
   0.0038570300    0.0035829800   -0.0012991400
   0.0010950700    0.0008963000   -0.0005985500
   0.0010927200   -0.0008957900   -0.0005975000
   0.0008071800   -0.0007855900   -0.0000406600
  -0.0038548300    0.0011206400    0.0026067800
  -0.0011856900   -0.0010262200   -0.0001067000
   0.0088828500   -0.0046777500   -0.0104457700
   0.0146357400   -0.0126614500    0.0150882400
   0.0088423200    0.0047093700   -0.0103682000
   0.0145659200    0.0126542400    0.0149894600
  -0.1576218400   -0.0023545100    0.0715438100
  -0.0043145900    0.0000008800   -0.0000006100
   0.0056032800   -0.0003313100    0.0002499000
   0.0056000700    0.0003372700    0.0002636400
   0.0010071800    0.0040104700   -0.0019355300
   0.0009857600   -0.0040322000   -0.0019420000
   0.0002544500   -0.0007776100   -0.0012030600
  -0.0000261100   -0.0004669400    0.0007472000
   0.0002250800    0.0008013200   -0.0011762000
  -0.0000048600    0.0004411500    0.0007741500
   0.0012182500   -0.0000033700    0.0002306900
   0.0063802200    0.0000082300    0.0000003400
  -0.0041666700   -0.0019407300    0.0004733800
  -0.0041653200    0.0019358900    0.0004899000
   0.0002445700    0.0028781500   -0.0003335000
   0.0002339000   -0.0028764300   -0.0003337500
   0.0037212600   -0.0006077100    0.0002791200
   0.0001491900   -0.0019010500    0.0009334900
   0.0181952900    0.0197419200   -0.0003907800
   0.0083812800   -0.0000000900   -0.0015774200
  -0.0056321400    0.0000041200    0.0019734400
  -0.0157492000    0.0006575700   -0.0028207900
  -0.0157073000   -0.0006918500   -0.0027624800
   0.0181198500   -0.0195739400   -0.0003521000
   0.0001445400    0.0018977700    0.0009328700
  -0.0014927700   -0.0000024800   -0.0001039500
   0.0024505900    0.0000036000    0.0000306800
   0.0037193200    0.0005999000    0.0002724800

53   
  0.0000000000000000   0.0100000000000000   0.0000000000000000
   0.0012873400    0.0021286900   -0.0011506200
  -0.0006543800    0.0011706300   -0.0008178700
  -0.0004049300   -0.0005223800   -0.0004049300
   0.0011227100   -0.0015370200   -0.0011227100
   0.0006543800    0.0011706300    0.0008178700
  -0.0012873400    0.0021286900    0.0011506200
   0.0008178700    0.0011706300    0.0006543800
   0.0011506200    0.0021286900   -0.0012873400
  -0.0006706700   -0.0016793800    0.0013654900
   0.0115023000    0.0283507100    0.0115023000
  -0.0011227100   -0.0015370200    0.0011227100
  -0.0001730600   -0.0010919800   -0.0007283400
  -0.0010441500   -0.0009213000    0.0009888700
   0.0015346900   -0.0011564100    0.0010674900
  -0.0013080200   -0.0048808600   -0.0013080200
   0.0490293000    0.0855748000   -0.0490293000
   0.0004148400    0.0005511500    0.0008178200
  -0.0490293000    0.0855748000    0.0490293000
   0.0000098500    0.0008263500    0.0000098500
   0.0007456700    0.0008434100   -0.0006612800
  -0.0007456700    0.0008434100    0.0006612800
  -0.0004148400    0.0005511500   -0.0008178200
   0.0006612800    0.0008434100   -0.0007456700
  -0.0008178200    0.0005511500   -0.0004148400
   0.0013654900   -0.0016793800   -0.0006706700
  -0.0007283400   -0.0010919800   -0.0001730600
  -0.0115023000    0.0283507100   -0.0115023000
  -0.0004167300    0.0007020000    0.0004167300
   0.0007283400   -0.0010919800    0.0001730600
  -0.0013654900   -0.0016793800    0.0006706700
   0.0001730600   -0.0010919800    0.0007283400
   0.0006706700   -0.0016793800   -0.0013654900
  -0.0011506200    0.0021286900    0.0012873400
   0.0004049300   -0.0005223800    0.0004049300
   0.0004167300    0.0007020000   -0.0004167300
  -0.0008178700    0.0011706300   -0.0006543800
  -0.0006612800    0.0008434100    0.0007456700
   0.0008178200    0.0005511500    0.0004148400
  -0.0000098500    0.0008263500   -0.0000098500
  -0.0002057500   -0.0004446000    0.0002057500
   0.0010674900   -0.0011564100    0.0015346900
   0.0002057500   -0.0004446000   -0.0002057500
   0.0013080200   -0.0048808600    0.0013080200
   0.0009888700   -0.0009213000   -0.0010441500
  -0.0009888700   -0.0009213000    0.0010441500
  -0.0010674900   -0.0011564100   -0.0015346900
   0.0010441500   -0.0009213000   -0.0009888700
  -0.0015346900   -0.0011564100   -0.0010674900
   0.0038621000   -0.0075275200   -0.0038621000
  -0.0008396600   -0.0026818800   -0.0008396600
  -0.0038621000   -0.0075275200    0.0038621000
   0.0008396600   -0.0026818800    0.0008396600
   0.0000000000   -0.2470366500    0.0000000000
   0.0000000000    0.0055819400    0.0000000000
   0.0002601400    0.0002317400   -0.0000031000
  -0.0002601400    0.0002317400    0.0000031000
   0.0042888100    0.0010183300   -0.0004860600
  -0.0042888100    0.0010183300    0.0004860600
  -0.0008118500    0.0024639300    0.0008118500
  -0.0008797200    0.0020993100   -0.0008797200
   0.0008118500    0.0024639300   -0.0008118500
   0.0008797200    0.0020993100    0.0008797200
   0.0000000000    0.0003626400    0.0000000000
   0.0000000000   -0.0006634900    0.0000000000
   0.0004860600    0.0010183300   -0.0042888100
  -0.0004860600    0.0010183300    0.0042888100
   0.0000031000    0.0002317400   -0.0002601400
  -0.0000031000    0.0002317400    0.0002601400
  -0.0000382400   -0.0001467100   -0.0012509900
  -0.0012509900   -0.0001467100   -0.0000382400
   0.0142023300    0.0081527700    0.0035007000
   0.0000000000   -0.0022359300    0.0000000000
   0.0000000000   -0.0022359300    0.0000000000
   0.0035007000    0.0081527700    0.0142023300
  -0.0035007000    0.0081527700   -0.0142023300
  -0.0142023300    0.0081527700   -0.0035007000
   0.0012509900   -0.0001467100    0.0000382400
   0.0000000000    0.0024890100    0.0000000000
   0.0000000000    0.0024890100    0.0000000000
   0.0000382400   -0.0001467100    0.0012509900

53   
  0.0000000000000000  -0.0100000000000000   0.0000000000000000
  -0.0012715700   -0.0021652700    0.0011536500
   0.0006514300   -0.0011731200    0.0008079400
   0.0003755600    0.0005211100    0.0003755600
  -0.0011347900    0.0015569700    0.0011347900
  -0.0006514300   -0.0011731200   -0.0008079400
   0.0012715700   -0.0021652700   -0.0011536500
  -0.0008079400   -0.0011731200   -0.0006514300
  -0.0011536500   -0.0021652700    0.0012715700
   0.0006807700    0.0016630800   -0.0013482900
  -0.0112178300   -0.0283410600   -0.0112178300
   0.0011347900    0.0015569700   -0.0011347900
   0.0001442800    0.0011300400    0.0007310600
   0.0010428200    0.0009307300   -0.0009863100
  -0.0015388800    0.0011540500   -0.0010686600
   0.0012841300    0.0048447600    0.0012841300
  -0.0466569600   -0.0834309800    0.0466569600
  -0.0004335300   -0.0005456800   -0.0008153200
   0.0466569600   -0.0834309800   -0.0466569600
  -0.0000024400   -0.0008504100   -0.0000024400
  -0.0007636900   -0.0008535900    0.0006586900
   0.0007636900   -0.0008535900   -0.0006586900
   0.0004335300   -0.0005456800    0.0008153200
  -0.0006586900   -0.0008535900    0.0007636900
   0.0008153200   -0.0005456800    0.0004335300
  -0.0013482900    0.0016630800    0.0006807700
   0.0007310600    0.0011300400    0.0001442800
   0.0112178300   -0.0283410600    0.0112178300
   0.0003892900   -0.0007089500   -0.0003892900
  -0.0007310600    0.0011300400   -0.0001442800
   0.0013482900    0.0016630800   -0.0006807700
  -0.0001442800    0.0011300400   -0.0007310600
  -0.0006807700    0.0016630800    0.0013482900
   0.0011536500   -0.0021652700   -0.0012715700
  -0.0003755600    0.0005211100   -0.0003755600
  -0.0003892900   -0.0007089500    0.0003892900
   0.0008079400   -0.0011731200    0.0006514300
   0.0006586900   -0.0008535900   -0.0007636900
  -0.0008153200   -0.0005456800   -0.0004335300
   0.0000024400   -0.0008504100    0.0000024400
   0.0002075800    0.0004408800   -0.0002075800
  -0.0010686600    0.0011540500   -0.0015388800
  -0.0002075800    0.0004408800    0.0002075800
  -0.0012841300    0.0048447600   -0.0012841300
  -0.0009863100    0.0009307300    0.0010428200
   0.0009863100    0.0009307300   -0.0010428200
   0.0010686600    0.0011540500    0.0015388800
  -0.0010428200    0.0009307300    0.0009863100
   0.0015388800    0.0011540500    0.0010686600
  -0.0038955900    0.0075963600    0.0038955900
   0.0007880600    0.0027358200    0.0007880600
   0.0038955900    0.0075963600   -0.0038955900
  -0.0007880600    0.0027358200   -0.0007880600
   0.0000000000    0.2425325100    0.0000000000
   0.0000000000   -0.0055365200    0.0000000000
  -0.0002538400   -0.0002467800   -0.0000009300
   0.0002538400   -0.0002467800    0.0000009300
  -0.0042963200   -0.0009748300    0.0004773100
   0.0042963200   -0.0009748300   -0.0004773100
   0.0008365300   -0.0024511400   -0.0008365300
   0.0008433300   -0.0021330900    0.0008433300
  -0.0008365300   -0.0024511400    0.0008365300
  -0.0008433300   -0.0021330900   -0.0008433300
   0.0000000000   -0.0003692200    0.0000000000
   0.0000000000    0.0006734400    0.0000000000
  -0.0004773100   -0.0009748300    0.0042963200
   0.0004773100   -0.0009748300   -0.0042963200
   0.0000009300   -0.0002467800    0.0002538400
  -0.0000009300   -0.0002467800   -0.0002538400
   0.0000307500    0.0001606100    0.0012614200
   0.0012614200    0.0001606100    0.0000307500
  -0.0141011200   -0.0081687000   -0.0035269500
   0.0000000000    0.0022543800    0.0000000000
   0.0000000000    0.0022543800    0.0000000000
  -0.0035269500   -0.0081687000   -0.0141011200
   0.0035269500   -0.0081687000    0.0141011200
   0.0141011200   -0.0081687000    0.0035269500
  -0.0012614200    0.0001606100   -0.0000307500
   0.0000000000   -0.0025058600    0.0000000000
   0.0000000000   -0.0025058600    0.0000000000
  -0.0000307500    0.0001606100   -0.0012614200

69   
  0.0100000000000000   0.0000000000000000   0.0000000000000000
   0.0019628900   -0.0037165800    0.0006542200
   0.0011615700   -0.0028980900    0.0045023800
   0.0050996700   -0.0068417600    0.0053446000
  -0.0039326400    0.0017816100    0.0023204000
   0.0007572700    0.0058071800   -0.0033877400
   0.0011117100    0.0006466200    0.0002789700
  -0.0051112400   -0.0003156600    0.0008263800
  -0.0019748400   -0.0030275000   -0.0021684100
   0.0009999000    0.0056216500    0.0032676100
  -0.0039180700    0.0017833600   -0.0022969600
  -0.0010719000    0.0000362200    0.0004961700
   0.0019311000   -0.0036888400   -0.0006491400
   0.0007163800   -0.0000273500   -0.0004047100
   0.0178834300    0.0100987500    0.0145005500
  -0.0022926400   -0.0005458200   -0.0010495600
  -0.0010335100   -0.0001607200   -0.0002997500
   0.0007234200   -0.0000347400    0.0004124600
  -0.0023026200   -0.0005472300    0.0010619800
   0.0203681900   -0.0060649700   -0.0115191400
   0.0041490700    0.0019776500   -0.0037833300
   0.0183086900    0.0105078500   -0.0151665000
   0.0027777100    0.0011734900   -0.0005940000
  -0.0020922400    0.0004209800    0.0014053100
  -0.0023383100    0.0006056000    0.0009783200
  -0.0012253100   -0.0000320900    0.0005076100
  -0.0019821200   -0.0030016100    0.0021382900
  -0.0010918100    0.0000362200   -0.0005178100
   0.0009581700    0.0018630000    0.0012067900
  -0.0005497900    0.0002369200   -0.0000022600
  -0.0051427800   -0.0003128700   -0.0008430500
   0.0011369200    0.0006693100   -0.0002769500
   0.0011516300   -0.0029227900   -0.0045449100
  -0.0005518300    0.0002168200    0.0000226100
   0.0009881700    0.0018576000   -0.0011577000
   0.0052943500   -0.0067243600   -0.0052812200
  -0.0012441400   -0.0000068100   -0.0005080000
  -0.0041523000    0.0000292200    0.0005409000
  -0.0012612300    0.0002309500   -0.0005476600
   0.0036059200   -0.0019964700   -0.0008519600
   0.0207142800   -0.0064857700    0.0120718000
  -0.0041496700    0.0000324700   -0.0005496100
   0.0035905200   -0.0019894100    0.0008597500
  -0.0010350300   -0.0001634900    0.0002994800
  -0.0023355300    0.0006176000   -0.0009891900
  -0.0012644500    0.0002330000    0.0005436800
  -0.0020968900    0.0004157800   -0.0014147500
   0.0027773800    0.0011768800    0.0005962500
   0.0041466700    0.0019755900    0.0037892800
   0.0005935200   -0.0013723300    0.0004228400
   0.0110316700   -0.0136582900   -0.0032319600
   0.0110602900    0.0125431900   -0.0013552400
   0.0013300800    0.0014537600   -0.0009211300
   0.0037215700   -0.0000392500    0.0009293100
   0.0037194000   -0.0000302600   -0.0009373500
  -0.0014915200    0.0000308500   -0.0000057900
  -0.0056302700    0.0015772700    0.0000066200
   0.0081867000    0.0006989300   -0.0197288500
   0.0081319600    0.0006519100    0.0195905500
   0.0110796400   -0.0137371700    0.0032385700
   0.0005598800   -0.0013899200   -0.0004503200
   0.0013153500    0.0014837900    0.0009449300
   0.0110535100    0.0124299300    0.0013692300
  -0.0156990800   -0.0034968000   -0.0003926200
  -0.0157575600   -0.0035315600    0.0003508900
   0.0083847200    0.0019734800   -0.0000047800
   0.0024521800    0.0001052400    0.0000053100
  -0.0001468700    0.0006040500   -0.0018942200
  -0.0001606400    0.0006034000    0.0019042200
  -0.1179378600    0.0000004700    0.0001917100
   0.0095803700    0.0008623900   -0.0126427600
   0.0002090200   -0.0002414300    0.0014266000
  -0.0110952900    0.0017802400   -0.0008359600
   0.0036408500   -0.0002467200   -0.0002323100
   0.0041862400   -0.0004684300   -0.0000011900
   0.0015239300    0.0000004700    0.0000000800
   0.0002067800   -0.0002392400   -0.0014335700
   0.0095963600    0.0008343700    0.0127614600
   0.0036444000   -0.0002547000    0.0002484500
  -0.0111140400    0.0018120200    0.0008599400
  -0.0043394200    0.0007129300   -0.0000041500

69   
  0.0000000000000000   0.0000000000000000   0.0100000000000000
   0.0011995700    0.0007755400    0.0030468200
   0.0004983800    0.0033031800   -0.0068403500
   0.0080313900    0.0085428500    0.0079039600
  -0.0005485300   -0.0013824400    0.0026191500
  -0.0086735000    0.0081542100    0.0077088000
  -0.0008772100    0.0004023700   -0.0021464100
   0.0007967200   -0.0011788600    0.0030558500
  -0.0013702700    0.0005412400    0.0025999300
   0.0086735000   -0.0081542100    0.0077088000
   0.0005485300    0.0013824400    0.0026191500
   0.0004282800   -0.0001984400   -0.0012757500
  -0.0011995700   -0.0007755400    0.0030468200
  -0.0009154100   -0.0018490400   -0.0021704500
   0.0103457700    0.0144316400    0.0252577400
   0.0001417900    0.0001029900    0.0003750900
  -0.0000379700   -0.0000235200   -0.0002984000
   0.0009154100    0.0018490400   -0.0021704500
  -0.0001417900   -0.0001029900    0.0003750900
  -0.0153038100    0.0112533900    0.0262673100
   0.0001865400    0.0018801100   -0.0066701100
  -0.0103457700   -0.0144316400    0.0252577400
  -0.0008009900    0.0021297700    0.0023006100
   0.0018532900   -0.0009190200   -0.0021737100
  -0.0001047500    0.0001393200    0.0003784000
   0.0004296300    0.0008577400   -0.0021458700
   0.0013702700   -0.0005412400    0.0025999300
  -0.0004282800    0.0001984400   -0.0012757500
   0.0032850200   -0.0005121500   -0.0068048700
  -0.0002008700   -0.0003995900   -0.0012458800
  -0.0007967200    0.0011788600    0.0030558500
   0.0008772100   -0.0004023700   -0.0021464100
  -0.0004983800   -0.0033031800   -0.0068403500
   0.0002008700    0.0003995900   -0.0012458800
  -0.0032850200    0.0005121500   -0.0068048700
  -0.0080313900   -0.0085428500    0.0079039600
  -0.0004296300   -0.0008577400   -0.0021458700
  -0.0021260800   -0.0008082600    0.0023110400
   0.0000247000   -0.0000369200   -0.0002948300
  -0.0019002400    0.0001466400   -0.0066759200
   0.0153038100   -0.0112533900    0.0262673100
   0.0021260800    0.0008082600    0.0023110400
   0.0019002400   -0.0001466400   -0.0066759200
   0.0000379700    0.0000235200   -0.0002984000
   0.0001047500   -0.0001393200    0.0003784000
  -0.0000247000    0.0000369200   -0.0002948300
  -0.0018532900    0.0009190200   -0.0021737100
   0.0008009900   -0.0021297700    0.0023006100
  -0.0001865400   -0.0018801100   -0.0066701100
  -0.0001977200    0.0009637900    0.0049071100
  -0.0001072100   -0.0014251300   -0.0151077800
   0.0013496300   -0.0001184200   -0.0150486300
  -0.0009293100   -0.0002139600    0.0049349400
   0.0002794100   -0.0012584100    0.0001501400
  -0.0002794100    0.0012584100    0.0001501400
   0.0000000000    0.0000000000    0.0024955300
   0.0000000000    0.0000000000   -0.0022406700
  -0.0140525600    0.0027699600    0.0181268200
   0.0140525600   -0.0027699600    0.0181268200
   0.0001072100    0.0014251300   -0.0151077800
   0.0001977200   -0.0009637900    0.0049071100
   0.0009293100    0.0002139600    0.0049349400
  -0.0013496300    0.0001184200   -0.0150486300
  -0.0028119900   -0.0142529000    0.0181830700
   0.0028119900    0.0142529000    0.0181830700
   0.0000000000    0.0000000000   -0.0022434700
   0.0000000000    0.0000000000    0.0025014100
  -0.0012536600   -0.0002712700    0.0001413700
   0.0012536600    0.0002712700    0.0001413700
   0.0000000000    0.0000000000   -0.1752720700
  -0.0167643900   -0.0018031000    0.0096018800
   0.0010120300   -0.0002518000    0.0002126500
   0.0017875800   -0.0166364300    0.0095746000
   0.0002481200    0.0010139800    0.0002018700
   0.0000000000    0.0000000000   -0.0013470000
   0.0000000000    0.0000000000    0.0008285600
  -0.0010120300    0.0002518000    0.0002126500
   0.0167643900    0.0018031000    0.0096018800
  -0.0002481200   -0.0010139800    0.0002018700
  -0.0017875800    0.0166364300    0.0095746000
   0.0000000000    0.0000000000    0.0133573600
