96   
18   

1    
  0.0100000000000000   0.0000000000000000   0.0000000000000000
  -0.1330587300    0.0527888700   -0.0057379800
   0.0062675600   -0.0012215200   -0.0001627500
  -0.0011464900    0.0005543500   -0.0000629100
   0.0010747600   -0.0003116500   -0.0001173400
   0.0174222900    0.0022251700    0.0044157400
   0.0171875100    0.0124573200   -0.0132092100
   0.0000998900    0.0002838300   -0.0008215000
   0.0001145200    0.0002843700    0.0008464800
  -0.0004589500   -0.0023504800   -0.0028253200
   0.0018515500   -0.0008273500    0.0003361100
  -0.0004534300    0.0000926000    0.0004862000
   0.0018518900   -0.0011295400   -0.0006220100
  -0.0026179100   -0.0027142600   -0.0014067300
   0.0013112500   -0.0000530400    0.0004407900
  -0.0034405900   -0.0029766800   -0.0009328400
   0.0011848400    0.0000254400   -0.0004071700
  -0.0023970800   -0.0014063400    0.0011841600
   0.0051955700   -0.0028057500   -0.0004142100
  -0.0020312700    0.0005887600    0.0005276600
   0.0011117200   -0.0007395000    0.0004857700
  -0.0041483500   -0.0046150400    0.0012875700
   0.0028749000    0.0008581000    0.0000660400
  -0.0005906800   -0.0003980300   -0.0002694000
   0.0010901200    0.0000788000    0.0005771600
   0.0082382700   -0.0006343500   -0.0057229000
   0.0081686500    0.0035907400    0.0111829200
  -0.0002993800    0.0010226100    0.0013337000
  -0.0002818000   -0.0000913300   -0.0010265900
  -0.0062906000    0.0013085100    0.0036759900
   0.0037294600    0.0012285100   -0.0006769800
  -0.0063027700   -0.0025848200   -0.0021308400
   0.0037298600    0.0026171700    0.0014009400
   0.0091044600   -0.0083955500    0.0128422900
  -0.0002411000    0.0012388100   -0.0013875300
   0.0001381300    0.0005294200   -0.0015500900
   0.0002131700   -0.0000471300    0.0006728800
  -0.0082085900   -0.0159826000    0.0166095400
   0.0049311400    0.0000882100   -0.0013643700
  -0.0014126900    0.0011065500   -0.0011558800
   0.0010098300    0.0001399200   -0.0003945900
   0.0001441800   -0.0167195900   -0.0070875100
   0.0013592700    0.0016482500    0.0009474100
  -0.0011205900   -0.0001325400    0.0007382400
   0.0010216500    0.0001326600   -0.0003276600
  -0.0011136600   -0.0170984000   -0.0147343300
   0.0019429600    0.0020213000    0.0018765600
  -0.0002870600    0.0000158700    0.0004063400
   0.0009887200    0.0000174200    0.0003429500
  -0.0012666500    0.0023297400   -0.0006542400
   0.0017064900   -0.0009538600    0.0005907500
  -0.0007397500    0.0008346100   -0.0008444800
   0.0017953000   -0.0014637100    0.0020675200
  -0.0024517300    0.0006172900    0.0008047900
   0.0028319000    0.0006875000   -0.0028684800
  -0.0008627500    0.0112261300   -0.0077054300
   0.0013054200   -0.0019909900    0.0020922200
  -0.0068251500   -0.0013583800   -0.0004510500
   0.0036259900   -0.0000979500   -0.0012725100
  -0.0014716500    0.0001063600    0.0008865800
   0.0011720700    0.0000227700   -0.0005316600
   0.0087749500    0.0118527400    0.0024837700
   0.0211890400   -0.0160256300    0.0025392000
  -0.0000069900   -0.0002155800   -0.0003584900
  -0.0000818800    0.0001780000    0.0000497900
   0.0413154300   -0.0089441400   -0.0004955100
  -0.0121690400   -0.0051430000    0.0037169700
   0.0013389100   -0.0006960200    0.0002022600
  -0.0019369500   -0.0006119700    0.0000709400
   0.0138135200   -0.0037888600    0.0029272300
  -0.0117120200   -0.0056418900   -0.0000946900
   0.0014243700   -0.0000714900    0.0010826100
  -0.0016594500   -0.0003543000   -0.0011067600
   0.0085598700    0.0061548900    0.0067529200
  -0.0046828400   -0.0001546500    0.0000314200
   0.0067267100    0.0045889800   -0.0055766400
  -0.0035713100    0.0011016300   -0.0010429900
  -0.0027604800    0.0045962800    0.0053599400
  -0.0006844500   -0.0000222900   -0.0012515700
   0.0012985100    0.0054211800   -0.0048884200
  -0.0012071600    0.0005096800    0.0020178500
   0.0008551100   -0.0043229900   -0.0044167300
  -0.0051288900    0.0134643200    0.0080403600
  -0.0009111100   -0.0014524600    0.0023718800
  -0.0002924000    0.0010835800   -0.0012265800
   0.0102174800    0.0061592100    0.0020034500
  -0.0054970000    0.0012793300   -0.0018241700
   0.0019618300    0.0001071000    0.0003435500
  -0.0027471900    0.0006650100   -0.0008901400
   0.0222971500   -0.0116513800    0.0023936100
  -0.0117377900   -0.0027384000   -0.0075417400
   0.0020469400   -0.0022608300   -0.0012318200
  -0.0022855700   -0.0015459100    0.0015940400
   0.0079933100   -0.0041171900    0.0046747800
  -0.0073946800    0.0007665400   -0.0037231200
   0.0058382600   -0.0043632100   -0.0067982700
  -0.0054600200    0.0025261600    0.0035622900

1    
 -0.0100000000000000   0.0000000000000000   0.0000000000000000
   0.1366475600   -0.0552788200    0.0053778100
  -0.0062382700    0.0009817300    0.0001489800
   0.0012258800   -0.0008105000    0.0000580900
  -0.0010146000    0.0000652100    0.0001142300
  -0.0171907500   -0.0020096200   -0.0043194400
  -0.0174261400   -0.0124246200    0.0134745700
  -0.0000469700   -0.0000410900    0.0008269300
  -0.0000326900   -0.0000375500   -0.0008409800
   0.0003973300    0.0026186600    0.0028444700
  -0.0019395900    0.0010850100   -0.0003408900
   0.0004021100    0.0001449400   -0.0004935400
  -0.0019397700    0.0013826700    0.0006124000
   0.0025445200    0.0024680000    0.0014171700
  -0.0013756600   -0.0001885700   -0.0004414400
   0.0033962900    0.0027574900    0.0009581300
  -0.0012589700   -0.0002691600    0.0004203900
   0.0023326600    0.0016720700   -0.0011893300
  -0.0053042100    0.0030734900    0.0004258100
   0.0019706600   -0.0003591400   -0.0005050600
  -0.0011820400    0.0009897800   -0.0004833900
   0.0041181500    0.0044128300   -0.0013172300
  -0.0029660900   -0.0011065900   -0.0000777700
   0.0005333800    0.0001544700    0.0002703300
  -0.0011741700   -0.0003283200   -0.0005898500
  -0.0080932500    0.0003944200    0.0056637100
  -0.0081620600   -0.0039015700   -0.0113211200
   0.0003502700   -0.0012627400   -0.0013216600
   0.0003686900   -0.0001590600    0.0010463600
   0.0063960000   -0.0010395100   -0.0038394300
  -0.0036820400   -0.0009842900    0.0006865700
   0.0063833300    0.0028904600    0.0022903500
  -0.0036830900   -0.0023939100   -0.0014265400
  -0.0092441500    0.0084085400   -0.0129412100
   0.0001162700   -0.0012846400    0.0014182400
  -0.0002931300   -0.0005579500    0.0015500300
  -0.0003387400    0.0000186600   -0.0006692900
   0.0082428400    0.0160011500   -0.0166445100
  -0.0050956200   -0.0000453700    0.0013513200
   0.0012884400   -0.0010980700    0.0011697400
  -0.0011599300   -0.0001136000    0.0004008600
  -0.0000449600    0.0167673800    0.0070873000
  -0.0012208100   -0.0016473900   -0.0009698100
   0.0012651400    0.0001793100   -0.0007266200
  -0.0008900500   -0.0001015100    0.0003384000
   0.0013631300    0.0172575800    0.0149294800
  -0.0018231600   -0.0020450700   -0.0018811900
   0.0004371900   -0.0000446900   -0.0004004400
  -0.0008665100   -0.0000486000   -0.0003534300
   0.0014339800   -0.0022821900    0.0006564900
  -0.0015832200    0.0009793600   -0.0006001300
   0.0008949700   -0.0008049400    0.0008464800
  -0.0016713100    0.0014833300   -0.0020690500
   0.0026008900   -0.0006701900   -0.0007958000
  -0.0027154300   -0.0007232800    0.0029014900
   0.0010621200   -0.0113101700    0.0077400600
  -0.0011684500    0.0019840100   -0.0021141600
   0.0067146800    0.0014084900    0.0004133500
  -0.0037916300    0.0000589200    0.0012770600
   0.0013457600   -0.0001305700   -0.0008922900
  -0.0013143100   -0.0000549900    0.0005257000
  -0.0089133700   -0.0117283100   -0.0024937400
  -0.0216418400    0.0162471400   -0.0025597300
  -0.0001387500    0.0002468900    0.0003644000
  -0.0000483700   -0.0001491000   -0.0000416600
  -0.0451831600    0.0110352400    0.0005482400
   0.0121330600    0.0048744100   -0.0037163500
  -0.0014859400    0.0004624100   -0.0002138200
   0.0018449700    0.0003714600   -0.0000789600
  -0.0137068500    0.0031538100   -0.0020334500
   0.0117096500    0.0059658000    0.0000969800
  -0.0015173300    0.0002694200   -0.0011221200
   0.0015338000    0.0006040300    0.0011129800
  -0.0085357100   -0.0059601400   -0.0068232100
   0.0048347800    0.0003886900   -0.0000432800
  -0.0066470100   -0.0043165500    0.0055574200
   0.0037157500   -0.0008765100    0.0010602500
   0.0029144100   -0.0048551500   -0.0053773900
   0.0007695100   -0.0002242800    0.0012764300
  -0.0011758600   -0.0056973900    0.0049022800
   0.0013267300   -0.0007577900   -0.0020454000
  -0.0007129200    0.0045902400    0.0044289900
   0.0052735700   -0.0133441500   -0.0081061100
   0.0010605100    0.0017110000   -0.0023943800
   0.0003883100   -0.0008517200    0.0012325400
  -0.0101349100   -0.0064836500   -0.0020172900
   0.0056503800   -0.0015228500    0.0018485200
  -0.0018646000   -0.0003497000   -0.0003621800
   0.0028814300   -0.0009076800    0.0008946600
  -0.0223011200    0.0118715400   -0.0030751600
   0.0116865800    0.0025275400    0.0076202100
  -0.0021340900    0.0020729200    0.0012677000
   0.0021657900    0.0013145900   -0.0016229400
  -0.0082647100    0.0043772500   -0.0047058400
   0.0073340800   -0.0004941400    0.0036974000
  -0.0060922700    0.0046179700    0.0068001600
   0.0053750400   -0.0022629400   -0.0035528800

1    
  0.0000000000000000   0.0100000000000000   0.0000000000000000
   0.0539785000   -0.1213889400    0.0493410500
  -0.0010609200   -0.0009989000    0.0008550600
   0.0007166600   -0.0006983700   -0.0009716100
  -0.0001538300   -0.0001851800   -0.0002700100
  -0.0123719900   -0.0071070900    0.0001676100
  -0.0020401200   -0.0071400400    0.0043938400
  -0.0001279000   -0.0002909300   -0.0001931600
  -0.0001253800   -0.0002931200   -0.0003518000
  -0.0000639900    0.0024511700    0.0017330800
  -0.0012861900    0.0024010100    0.0012025300
  -0.0025244500    0.0024553500   -0.0001011100
  -0.0009819500    0.0023953000    0.0011674600
   0.0025518000    0.0056924500    0.0039047100
  -0.0001009400    0.0005823500    0.0001809300
   0.0028261400    0.0022658300    0.0000758900
  -0.0001814300    0.0002055100    0.0001645200
  -0.0015660300    0.0050919600   -0.0017646700
  -0.0029680100    0.0020483300    0.0003578600
   0.0004448600    0.0030010800   -0.0036253000
  -0.0008970300    0.0009993600   -0.0005871100
   0.0044588800    0.0043489400   -0.0005518100
  -0.0010045000    0.0025053900   -0.0008000000
   0.0002414700    0.0006014600   -0.0006275200
  -0.0002377800    0.0016952500   -0.0023459400
   0.0037540200   -0.0042426100    0.0012631600
  -0.0004480000   -0.0042515300   -0.0034619300
   0.0000664800   -0.0017337900   -0.0017233500
   0.0011766200   -0.0017370900   -0.0011743300
   0.0027623400   -0.0047439200   -0.0095049800
  -0.0024606700   -0.0011831800    0.0000750200
  -0.0011350200   -0.0047594200    0.0002911300
  -0.0010685400   -0.0011820700   -0.0009134200
  -0.0112412600    0.0126427200   -0.0185993900
   0.0009765800    0.0001766600    0.0001580700
  -0.0007279300   -0.0014798300    0.0018843400
  -0.0000666300   -0.0001892600    0.0000238200
  -0.0072239100    0.0274727600   -0.0254128500
  -0.0010892900    0.0000064200    0.0002559600
   0.0008260100   -0.0008548500    0.0002746100
  -0.0002995100   -0.0001928000   -0.0000291100
  -0.0053187800    0.0253310700    0.0103937000
  -0.0001789800   -0.0000124600    0.0002680500
   0.0011655600   -0.0002728000   -0.0016749700
  -0.0001514700   -0.0001697900   -0.0003760900
  -0.0032032400    0.0126020200    0.0107926900
   0.0001347300   -0.0005388600    0.0005964900
  -0.0011356600   -0.0010955200   -0.0024561500
   0.0004208300   -0.0003918200   -0.0007329500
   0.0031735400    0.0005496700    0.0030575300
  -0.0010363400   -0.0004532800    0.0006093200
   0.0006762500    0.0014868300   -0.0019397400
  -0.0018259100    0.0013894900   -0.0024139900
   0.0006011600   -0.0012361300    0.0014290400
  -0.0013752900   -0.0007005300    0.0017517000
   0.0010399400    0.0096856700   -0.0073027400
  -0.0006318700    0.0008295800   -0.0010741500
   0.0085992800    0.0117726500   -0.0049654700
  -0.0021039300    0.0008369100    0.0014138700
   0.0003109700   -0.0003313700   -0.0006230600
  -0.0003397800   -0.0004927600   -0.0004612100
   0.0128751200    0.0102092400    0.0039406400
  -0.0103088900    0.0099971400   -0.0017032900
  -0.0001172900   -0.0010877400   -0.0015961100
  -0.0002706800   -0.0006334900   -0.0007336100
  -0.0169244700    0.0191336200   -0.0021769700
   0.0005717300    0.0073452700   -0.0059129800
  -0.0003648800    0.0019279700    0.0021414900
   0.0003196600    0.0011324900    0.0015051100
  -0.0053214800    0.0196379500   -0.0038940000
   0.0025918100    0.0025762300   -0.0012938300
  -0.0012186000    0.0018116300    0.0012009000
   0.0004106700    0.0007472800    0.0010541100
  -0.0049398800   -0.0054988600   -0.0048329900
   0.0019962800   -0.0005865100   -0.0007471200
  -0.0002693000   -0.0117776800    0.0081736300
   0.0012776500   -0.0013868200    0.0006017900
   0.0055448700   -0.0078776300   -0.0086319500
  -0.0007019700   -0.0026407200   -0.0014947600
   0.0002856100   -0.0077864900    0.0070726600
  -0.0001223700   -0.0019969400    0.0000216900
  -0.0003123000   -0.0066667900   -0.0047490900
   0.0038719100   -0.0091298600   -0.0041687200
  -0.0039952900   -0.0028771300    0.0042917600
   0.0011135800   -0.0006063900    0.0018047600
  -0.0084210000   -0.0148329900   -0.0050201500
   0.0021722900   -0.0021915500   -0.0001191800
   0.0001762200   -0.0024386100    0.0026011900
   0.0016983400   -0.0012620700    0.0017229400
  -0.0046140700    0.0102869100   -0.0012294000
   0.0043291800    0.0025185200    0.0034128000
   0.0008518300    0.0058252100    0.0025795500
   0.0005000400    0.0020735100   -0.0000062400
  -0.0086484300    0.0034294600    0.0038427600
   0.0069816600    0.0020131000    0.0025855400
  -0.0021969600    0.0044903500   -0.0016340600
   0.0010312100    0.0029474100    0.0003380300

1    
  0.0000000000000000  -0.0100000000000000   0.0000000000000000
  -0.0540668900    0.1218109100   -0.0500943700
   0.0011421600    0.0007554500   -0.0008673900
  -0.0006490900    0.0004487800    0.0009743300
   0.0002236600   -0.0000639700    0.0002661400
   0.0125069600    0.0074511600   -0.0001909100
   0.0021954300    0.0074179100   -0.0044262600
   0.0001935900    0.0005391800    0.0002060800
   0.0001991100    0.0005366000    0.0003688900
  -0.0000122400   -0.0022085100   -0.0017448800
   0.0012264800   -0.0021688800   -0.0012141100
   0.0024450500   -0.0022039900    0.0000920400
   0.0009305300   -0.0021749500   -0.0011932100
  -0.0026303100   -0.0059656800   -0.0039207800
   0.0000360300   -0.0008294200   -0.0001756100
  -0.0029082000   -0.0025215100   -0.0000654900
   0.0001133400   -0.0004524600   -0.0001585500
   0.0015123100   -0.0048837200    0.0017909300
   0.0029105300   -0.0018133500   -0.0003498000
  -0.0005025900   -0.0027627900    0.0036237100
   0.0008322300   -0.0007566900    0.0005959500
  -0.0045689400   -0.0046213600    0.0005423000
   0.0009621900   -0.0027668300    0.0008003400
  -0.0003104300   -0.0008485300    0.0006223100
   0.0001689200   -0.0019549000    0.0023538200
  -0.0037381600    0.0040035500   -0.0012336500
   0.0005808900    0.0039941500    0.0035039800
  -0.0000019700    0.0014985100    0.0017417600
  -0.0011097100    0.0014957700    0.0011817000
  -0.0027126200    0.0050730200    0.0094620200
   0.0025493400    0.0014357400   -0.0000879000
   0.0012129000    0.0050570700   -0.0001648900
   0.0011439200    0.0014369600    0.0009129300
   0.0112090600   -0.0128123200    0.0187600600
  -0.0011177900   -0.0001954500   -0.0001602200
   0.0005933900    0.0014887000   -0.0019168500
  -0.0000622300    0.0001715200   -0.0000204500
   0.0069514900   -0.0271502000    0.0250710900
   0.0009673900    0.0000126700   -0.0002599200
  -0.0009656100    0.0008772100   -0.0002769800
   0.0001594600    0.0002218900    0.0000278500
   0.0055943000   -0.0257341000   -0.0105783300
   0.0003226100    0.0000544300   -0.0002599900
  -0.0010328500    0.0003178700    0.0016964400
   0.0002888000    0.0002048700    0.0003864700
   0.0032911900   -0.0126160000   -0.0107768400
   0.0000070800    0.0005024900   -0.0006057700
   0.0012695700    0.0010529400    0.0024385400
  -0.0002841500    0.0003587300    0.0007282800
  -0.0030539700   -0.0004856900   -0.0030934000
   0.0011883800    0.0005036800   -0.0006261800
  -0.0005380000   -0.0014523800    0.0019431600
   0.0019729100   -0.0013640500    0.0024196900
  -0.0004681300    0.0011929600   -0.0014251800
   0.0015167200    0.0006694800   -0.0017531700
  -0.0009033000   -0.0097907300    0.0074026700
   0.0007730000   -0.0008718100    0.0010872800
  -0.0088767300   -0.0119678000    0.0050687100
   0.0019831700   -0.0008619300   -0.0014244100
  -0.0004533600    0.0003188100    0.0006336600
   0.0002043100    0.0004696500    0.0004613400
  -0.0129118000   -0.0101125900   -0.0039615200
   0.0102650300   -0.0099997700    0.0016743500
  -0.0000209400    0.0011201900    0.0016065200
   0.0001332900    0.0006623900    0.0007380500
   0.0153210600   -0.0190257600    0.0023501300
  -0.0006865500   -0.0075993100    0.0059707000
   0.0002409000   -0.0021555400   -0.0021441600
  -0.0004328500   -0.0013747300   -0.0015179800
   0.0062710100   -0.0204785600    0.0052708200
  -0.0027537500   -0.0023727400    0.0012996600
   0.0011300000   -0.0016220400   -0.0012336000
  -0.0005365400   -0.0005068700   -0.0010651900
   0.0050650100    0.0057748700    0.0048293700
  -0.0018908600    0.0008314800    0.0007503600
   0.0003589300    0.0120361300   -0.0081122200
  -0.0011740200    0.0016491000   -0.0006123000
  -0.0055164900    0.0076899200    0.0087556200
   0.0008277100    0.0023829300    0.0014997000
  -0.0001781600    0.0075797800   -0.0071241200
   0.0002493300    0.0017525300   -0.0000244900
   0.0004277100    0.0069597200    0.0047537400
  -0.0037423300    0.0094364800    0.0042066400
   0.0041412600    0.0031467600   -0.0043084800
  -0.0009954200    0.0008519000   -0.0018080200
   0.0086503100    0.0146599600    0.0050667500
  -0.0020829800    0.0019444500    0.0001202300
  -0.0000550600    0.0021942800   -0.0026193500
  -0.0015909300    0.0010183500   -0.0017281500
   0.0048553200   -0.0102284100    0.0004828500
  -0.0044929800   -0.0027560500   -0.0034462400
  -0.0009531200   -0.0060673500   -0.0025761200
  -0.0006272700   -0.0023159800    0.0000094700
   0.0085610800   -0.0032709700   -0.0038484000
  -0.0071526300   -0.0017908500   -0.0025981200
   0.0020290300   -0.0043289800    0.0015970100
  -0.0011434700   -0.0027574000   -0.0003524300

1    
  0.0000000000000000   0.0000000000000000   0.0100000000000000
  -0.0064837200    0.0498540700   -0.1029818800
  -0.0001060000    0.0007367700   -0.0016383300
  -0.0000332800   -0.0010875400    0.0043939200
  -0.0000767400   -0.0003919100    0.0009494900
   0.0134098300    0.0045464900   -0.0007082400
  -0.0043006500    0.0003322600   -0.0007373800
  -0.0008005300   -0.0002347400    0.0013879500
   0.0008523700   -0.0000780300    0.0013915000
  -0.0005255200    0.0002081300    0.0002583600
   0.0005874100   -0.0010607700   -0.0007192700
   0.0027877000   -0.0016097200    0.0002732200
  -0.0003660600   -0.0010846000   -0.0007139700
  -0.0014472400   -0.0040310900   -0.0032037100
   0.0004099700   -0.0003003000   -0.0007736100
  -0.0009872800   -0.0002046800    0.0014528800
  -0.0004463900   -0.0002856100    0.0005445300
   0.0011459500   -0.0016571300   -0.0002503200
  -0.0004361600    0.0004658500   -0.0001524800
   0.0004748400   -0.0034904700    0.0038187300
   0.0004517900   -0.0004699700    0.0005808300
  -0.0013471300   -0.0006840500   -0.0013932500
  -0.0001029000   -0.0009221800   -0.0006468400
   0.0002306500   -0.0007496500    0.0013168300
  -0.0006128600   -0.0024628800    0.0028001300
  -0.0111489200    0.0033339700    0.0006552900
   0.0057322600   -0.0013507100    0.0006949600
   0.0010741900    0.0010537700    0.0021096600
  -0.0012950600    0.0016078600    0.0021034400
  -0.0021889600   -0.0001167800    0.0225959400
   0.0014557900    0.0010365800    0.0002910900
   0.0037371800    0.0095078100    0.0221915300
  -0.0006340400    0.0000508000    0.0003018900
   0.0070928200   -0.0084133900    0.0144874600
  -0.0015331600   -0.0012959600    0.0005102700
  -0.0002694300    0.0015779300   -0.0009037100
   0.0012727700    0.0009555300    0.0000680100
   0.0093222500   -0.0214056900    0.0087710200
   0.0001511700    0.0000033900   -0.0012233000
  -0.0010032300    0.0001798900    0.0014774600
  -0.0004113200   -0.0001621200    0.0008594500
   0.0000774600   -0.0071549900   -0.0108976400
   0.0005221500   -0.0009419400   -0.0016142700
  -0.0006800400    0.0021271600    0.0035482900
  -0.0002654000    0.0006746900    0.0013529400
  -0.0028203500    0.0025102300   -0.0006348900
  -0.0002270100   -0.0000214100   -0.0010559800
   0.0017002100    0.0010395100    0.0026658900
  -0.0008573600    0.0006385300    0.0010120500
  -0.0001968500    0.0035214200   -0.0029766700
  -0.0001963900    0.0014634000   -0.0016048600
   0.0001391400   -0.0028479600    0.0034155700
   0.0014906500   -0.0016342100    0.0024820400
   0.0008230500    0.0019896600   -0.0010928700
   0.0000051000    0.0000771800    0.0000075800
   0.0001725000   -0.0183520900    0.0159947500
   0.0003241800   -0.0002895700    0.0002281800
  -0.0058271400   -0.0098296200    0.0001825200
   0.0007780200   -0.0013679000   -0.0013888300
   0.0000789700    0.0018920800    0.0020300300
  -0.0004308400    0.0009238900    0.0013214600
  -0.0059824600   -0.0058206900   -0.0076425800
  -0.0025584500    0.0001614400   -0.0001241700
   0.0004907600    0.0021160900    0.0034279100
   0.0003350400    0.0008411900    0.0013450100
  -0.0075974800    0.0004963400    0.0153458100
   0.0003341200   -0.0046018200    0.0090141500
  -0.0001643700   -0.0008010400   -0.0046950300
   0.0004547100   -0.0007555200   -0.0034076400
   0.0107700400   -0.0137328100    0.0226510000
   0.0014694700    0.0006597100    0.0021141200
   0.0023559700   -0.0044331400   -0.0076663600
  -0.0007883600   -0.0002683000   -0.0020035700
   0.0006292600   -0.0005368700   -0.0007012000
  -0.0001949500    0.0007398600   -0.0002291900
  -0.0040941700    0.0097188000   -0.0046799600
   0.0004891000    0.0006102700    0.0001053300
  -0.0016757400    0.0027941900    0.0051902400
  -0.0015583600    0.0001339300    0.0030049700
  -0.0003140900    0.0050548900   -0.0067981800
   0.0012010900    0.0011191700   -0.0022910200
  -0.0009676400    0.0030695000    0.0052935200
   0.0010101900   -0.0002796200    0.0004435900
   0.0058503100    0.0043570600   -0.0074844600
  -0.0010839500    0.0002309400   -0.0020287400
   0.0029191800    0.0064449800    0.0078291100
   0.0003369900    0.0005496800    0.0027258700
  -0.0015167200    0.0011551200   -0.0051510600
  -0.0003876800    0.0006176400   -0.0025907600
  -0.0004417000    0.0099661100    0.0052158400
  -0.0018890800    0.0017754200    0.0021069400
  -0.0041063800   -0.0075824200   -0.0081662000
   0.0003261800   -0.0015817400   -0.0018415000
   0.0087401100    0.0029694300   -0.0048222800
  -0.0050840600   -0.0000989600   -0.0028114500
  -0.0082686900   -0.0068866000   -0.0012581200
   0.0027193900   -0.0045214300   -0.0026347900

1    
  0.0000000000000000   0.0000000000000000  -0.0100000000000000
   0.0046222200   -0.0495831000    0.1037490000
   0.0002052700   -0.0009853600    0.0016344700
   0.0000875900    0.0008585200   -0.0044248800
   0.0001544300    0.0001439700   -0.0009621600
  -0.0132717300   -0.0042736200    0.0007001400
   0.0044330000   -0.0000257700    0.0006709100
   0.0008870100    0.0004859800   -0.0013844300
  -0.0007949700    0.0003223600   -0.0013808000
   0.0004547900    0.0000160600   -0.0002906000
  -0.0006471200    0.0013005400    0.0007085500
  -0.0028819700    0.0018687200   -0.0002759000
   0.0003116400    0.0013332100    0.0007143600
   0.0013767500    0.0037952000    0.0032272100
  -0.0004725700    0.0000563500    0.0007913300
   0.0009039800   -0.0000630800   -0.0014643400
   0.0003813400    0.0000373000   -0.0005449300
  -0.0012284700    0.0018994900    0.0002607000
   0.0004046900   -0.0002419500    0.0001575900
  -0.0005576700    0.0037589200   -0.0038209900
  -0.0005171200    0.0007132000   -0.0005707700
   0.0012579300    0.0004104500    0.0014014900
   0.0000400500    0.0006781200    0.0006451600
  -0.0003096800    0.0004999300   -0.0013296500
   0.0005545500    0.0022370200   -0.0028258300
   0.0113556900   -0.0036330100   -0.0006401600
  -0.0056534200    0.0011459200   -0.0006004300
  -0.0009976200   -0.0013019500   -0.0021056400
   0.0013615900   -0.0018581200   -0.0021122300
   0.0022316300    0.0003396400   -0.0222858000
  -0.0013718200   -0.0007893700   -0.0003073700
  -0.0037783500   -0.0094625300   -0.0226917000
   0.0007302800    0.0002145200   -0.0002966400
  -0.0072379100    0.0084015500   -0.0144562300
   0.0013931100    0.0012783500   -0.0005201100
   0.0001416600   -0.0016258900    0.0009229300
  -0.0014223000   -0.0010004900   -0.0000523700
  -0.0095960900    0.0215700800   -0.0086636600
  -0.0002628600    0.0000216600    0.0012277000
   0.0008574200   -0.0001340900   -0.0015026600
   0.0002805000    0.0001993400   -0.0008748100
   0.0000238900    0.0072192200    0.0108360100
  -0.0003797000    0.0009849700    0.0016313600
   0.0008168300   -0.0021298900   -0.0035767800
   0.0004075300   -0.0006462700   -0.0013549800
   0.0029524000   -0.0026321500    0.0005300100
   0.0003724800    0.0000015900    0.0010609100
  -0.0015774800   -0.0010717500   -0.0026786000
   0.0010124700   -0.0006705700   -0.0010163900
   0.0003386100   -0.0034952000    0.0030023800
   0.0003441400   -0.0014469800    0.0016158900
  -0.0000051300    0.0028868300   -0.0034346900
  -0.0013527300    0.0016649100   -0.0024961200
  -0.0006969500   -0.0020013500    0.0010722700
   0.0001528500   -0.0000980700   -0.0000288800
  -0.0000813700    0.0185539000   -0.0162366500
  -0.0001804600    0.0002432900   -0.0002031300
   0.0056457500    0.0097571800   -0.0002054800
  -0.0008995200    0.0013386700    0.0013786800
  -0.0002344200   -0.0019420100   -0.0020355200
   0.0002998200   -0.0009578300   -0.0013319400
   0.0058196200    0.0058379000    0.0077218500
   0.0026045800   -0.0002766600    0.0001682000
  -0.0006232100   -0.0020903800   -0.0034357200
  -0.0004785800   -0.0008119600   -0.0013475000
   0.0074405700   -0.0006159100   -0.0154872100
  -0.0004902900    0.0043308600   -0.0090307700
   0.0000684700    0.0005487700    0.0047215000
  -0.0005946800    0.0005113200    0.0034242900
  -0.0099107200    0.0126349400   -0.0219065100
  -0.0016528900   -0.0004610000   -0.0021149700
  -0.0025056600    0.0047349800    0.0077359600
   0.0006677400    0.0005143400    0.0020022400
  -0.0004577600    0.0008194700    0.0007663400
   0.0002895400   -0.0005042000    0.0002471600
   0.0042898100   -0.0095110300    0.0046513900
  -0.0004003100   -0.0003613300   -0.0001302500
   0.0017944700   -0.0030327400   -0.0052199100
   0.0016788500   -0.0003751100   -0.0030403700
   0.0004252200   -0.0052807700    0.0068232300
  -0.0010846000   -0.0013545700    0.0023168200
   0.0010954300   -0.0028337200   -0.0052930300
  -0.0009279200    0.0006222900   -0.0003748200
  -0.0057794400   -0.0041774600    0.0075459000
   0.0012099600    0.0000164700    0.0020229000
  -0.0027801900   -0.0066869300   -0.0078295900
  -0.0002448400   -0.0007776700   -0.0027446200
   0.0016576900   -0.0013801100    0.0051789700
   0.0004891700   -0.0008639900    0.0026041800
   0.0012812200   -0.0094790300   -0.0063452800
   0.0016952400   -0.0020470800   -0.0021850200
   0.0039916100    0.0072989600    0.0082034000
  -0.0004573600    0.0013356800    0.0018722800
  -0.0088261300   -0.0027566800    0.0049005700
   0.0049393200    0.0003500600    0.0028194800
   0.0082717900    0.0071570100    0.0011511600
  -0.0028802000    0.0047987100    0.0026529600

33   
  0.0100000000000000   0.0000000000000000   0.0000000000000000
   0.0091849900   -0.0113439100    0.0071564500
  -0.0001539200    0.0009351100   -0.0014758400
   0.0002581600   -0.0007946200   -0.0002051200
   0.0003073800   -0.0001239200    0.0013497300
  -0.0082436100    0.0071700700   -0.0094356800
   0.0050591300    0.0011587800   -0.0002056300
  -0.0013230300   -0.0007770400    0.0009362700
   0.0011222300    0.0003524300    0.0003509100
   0.0012613400   -0.0001300400   -0.0004534900
  -0.0000022000   -0.0052629100   -0.0000042700
   0.0009239400   -0.0001010700    0.0003287900
  -0.0012291000    0.0012209400    0.0007335600
  -0.0003942600    0.0010765200    0.0016384400
   0.0008918000   -0.0004814900   -0.0009376700
  -0.0012485000    0.0031228700   -0.0028650600
   0.0018421300   -0.0001933800   -0.0002995800
  -0.0013702800    0.0032319800   -0.0002523900
   0.0016071700   -0.0009954500   -0.0002594500
  -0.0008470400    0.0007343800    0.0000692600
   0.0017001200   -0.0017843400    0.0014299800
   0.0027363800    0.0013193500    0.0000692400
  -0.0025718400   -0.0006659200   -0.0007570100
   0.0012130400    0.0005829000   -0.0002548100
  -0.0010626800   -0.0010537000   -0.0002365600
  -0.0013740300    0.0002610100   -0.0001504700
   0.0012795200   -0.0003951000    0.0003671700
  -0.0067840100    0.0086481800    0.0057738700
   0.0037513200   -0.0021646400   -0.0008285500
   0.0088430400   -0.0126927500   -0.0058788800
   0.0216133100    0.0104632200   -0.0026036500
   0.0001059900    0.0001687200    0.0005469000
   0.0000161800    0.0003242300    0.0004021400
  -0.1143553800    0.0036277300   -0.0501000600
   0.0031977700    0.0000296100    0.0005224300
  -0.0011643200   -0.0006259700    0.0005350500
   0.0009587200   -0.0001335200    0.0006578500
   0.0001257600   -0.0012041800    0.0011902400
   0.0001175900    0.0001261700   -0.0003411100
  -0.0000197700    0.0005093300   -0.0007807900
  -0.0000258200    0.0007796300    0.0004026400
  -0.0007874900    0.0057981900    0.0092515800
   0.0019369500   -0.0013683400   -0.0022488500
  -0.0007699900    0.0000383000   -0.0054733100
   0.0019309700    0.0001569900    0.0003197900
   0.0010079200   -0.0008721100   -0.0005307800
  -0.0008721000    0.0002036800   -0.0007618500
   0.0008820900   -0.0000715300    0.0004826900
  -0.0004217900    0.0009142900    0.0008360700
   0.0020698000   -0.0004832100    0.0021931900
  -0.0014452500   -0.0000284700   -0.0007402800
   0.0017737000    0.0015519100   -0.0013523200
   0.0204655700   -0.0090673600    0.0271475100
  -0.0011196100   -0.0001132300   -0.0001104100
   0.0011381600    0.0018030000   -0.0013273300
  -0.0005074600   -0.0008041800    0.0010469000
   0.0003311900   -0.0002458200    0.0002859200
   0.0143352300    0.0022007300    0.0070656900
   0.0145920900   -0.0032631300   -0.0110495800
   0.0000237300   -0.0002303100   -0.0000371700
   0.0000137000    0.0011669000    0.0019962700
  -0.0013769600    0.0000495700   -0.0004558000
   0.0014814100   -0.0007297000    0.0001407900
  -0.0013775600    0.0004907400   -0.0000270500
   0.0014886600    0.0006778000    0.0013328000
  -0.0063831400    0.0025853600    0.0004315700
   0.0010641800   -0.0015565500    0.0019700200
  -0.0018237500    0.0001919500    0.0005968000
   0.0006249600   -0.0018542700   -0.0038906500
   0.0068677200    0.0065312400   -0.0001136900
  -0.0080800500   -0.0000240100    0.0037685400
   0.0012153100    0.0023173600    0.0004788300
  -0.0021448300   -0.0003160500   -0.0017507500
  -0.0012259600   -0.0017922100    0.0009363500
  -0.0006543900    0.0005718600    0.0007168200
  -0.0009530000   -0.0000429000   -0.0016202400
   0.0009569800    0.0001472000   -0.0006909600
   0.0049532900   -0.0028103300   -0.0032548100
  -0.0030547200    0.0002929100    0.0001262400
   0.0227857000   -0.0118186000    0.0175377400
  -0.0041492300   -0.0004899300    0.0008755500
   0.0044899400   -0.0005860200    0.0005723300
  -0.0035125900   -0.0002807000    0.0021566700
   0.0021502400    0.0001647500   -0.0017679700
  -0.0020095900    0.0000244900   -0.0005093800
  -0.0031419100   -0.0074639200   -0.0056927400
   0.0004730200    0.0056150600    0.0061895000
  -0.0013977600   -0.0017173900    0.0019682900
  -0.0041695900    0.0060835500   -0.0070494800
   0.0032874100    0.0019214400   -0.0029879000
  -0.0018333000   -0.0003721500   -0.0001071500
   0.0085934500    0.0019306000    0.0044419400
  -0.0065586700   -0.0058494300   -0.0054623100
  -0.0101008500    0.0014342300    0.0046509300
   0.0227319300    0.0038285900    0.0158590500
  -0.0016431600    0.0008223500   -0.0013542500
   0.0019021900   -0.0001823800   -0.0011442300

33   
 -0.0100000000000000   0.0000000000000000   0.0000000000000000
  -0.0091630600    0.0111062500   -0.0071744800
   0.0002038500   -0.0011601500    0.0014507600
  -0.0001738900    0.0005261200    0.0002063300
  -0.0002446800   -0.0001189600   -0.0013458500
   0.0082083400   -0.0070034300    0.0094824200
  -0.0049687800   -0.0008983900    0.0002086200
   0.0013785600    0.0010156200   -0.0009250800
  -0.0010468900   -0.0001068900   -0.0003409600
  -0.0013189900    0.0003715800    0.0004482400
  -0.0001919100    0.0056482400    0.0000494500
  -0.0009873200    0.0003401000   -0.0003429800
   0.0011558700   -0.0009782300   -0.0007637100
   0.0003294100   -0.0013292800   -0.0016400400
  -0.0009627200    0.0002235100    0.0009314700
   0.0012269300   -0.0033710900    0.0029073700
  -0.0019245300   -0.0000651600    0.0003002400
   0.0013311300   -0.0029963700    0.0002830900
  -0.0016821600    0.0012291400    0.0002806300
   0.0007880900   -0.0004809600   -0.0000748300
  -0.0017670900    0.0020164200   -0.0014143900
  -0.0028116300   -0.0015737800   -0.0000777100
   0.0024810200    0.0004026900    0.0007638500
  -0.0012613100   -0.0008221600    0.0002497100
   0.0008625100    0.0008899300    0.0000179500
   0.0014436200   -0.0005032100    0.0001628100
  -0.0012075100    0.0001480400   -0.0003642200
   0.0067566400   -0.0088287600   -0.0057007800
  -0.0036671700    0.0019223500    0.0008488300
  -0.0088452100    0.0130939300    0.0059238600
  -0.0212188700   -0.0101122600    0.0025597200
  -0.0000264800    0.0000729900   -0.0005669900
   0.0000492200   -0.0000801000   -0.0004112100
   0.1123107000   -0.0058627800    0.0499067400
  -0.0033271300   -0.0000759700   -0.0005022800
   0.0010187600    0.0006009700   -0.0005525000
  -0.0010922700    0.0001064100   -0.0006570500
  -0.0002573800    0.0012350500   -0.0011975200
  -0.0002662400   -0.0001000500    0.0003470100
  -0.0001224000   -0.0004620400    0.0007766500
  -0.0001281900   -0.0007106600   -0.0004164600
   0.0009730700   -0.0058154700   -0.0092807500
  -0.0017867900    0.0013806000    0.0022269000
   0.0009902600   -0.0000563200    0.0053358500
  -0.0017928900   -0.0001346500   -0.0003122800
  -0.0008612500    0.0008549700    0.0005393800
   0.0010011600   -0.0002201800    0.0007676200
  -0.0007391000    0.0000420100   -0.0004861100
   0.0005488600   -0.0009294700   -0.0008407400
  -0.0019322700    0.0005204900   -0.0022124200
   0.0015743600    0.0000631300    0.0007255300
  -0.0016171900   -0.0015424100    0.0013730000
  -0.0200874200    0.0088657800   -0.0266184100
   0.0012675000    0.0001041800    0.0001027300
  -0.0010144800   -0.0018006400    0.0013212600
   0.0006545600    0.0007821300   -0.0010589500
  -0.0001936100    0.0002170800   -0.0002837000
  -0.0147487400   -0.0022803200   -0.0072018000
  -0.0144924500    0.0031675400    0.0108632000
  -0.0001448500    0.0001900900    0.0000161900
  -0.0001554400   -0.0011996700   -0.0019921100
   0.0012389200   -0.0000094800    0.0004688100
  -0.0016224800    0.0007630400   -0.0001387300
   0.0012381500   -0.0004278600    0.0000524300
  -0.0016147400   -0.0006371000   -0.0013138800
   0.0062547900   -0.0028521400   -0.0004100900
  -0.0011487800    0.0013165200   -0.0019939500
   0.0016826500   -0.0004293700   -0.0006046400
  -0.0007344700    0.0015831500    0.0038532700
  -0.0070516800   -0.0058915600   -0.0003412200
   0.0079298400    0.0002701800   -0.0037283400
  -0.0013375900   -0.0020084100   -0.0004173100
   0.0020200900    0.0005589200    0.0017445900
   0.0013069900    0.0019888800   -0.0009589600
   0.0008801700   -0.0003972300   -0.0007025900
   0.0010595400    0.0002807800    0.0016347700
  -0.0008181100    0.0000983900    0.0006974800
  -0.0048503400    0.0025850400    0.0032799000
   0.0031676700   -0.0005221000   -0.0001079100
  -0.0227978300    0.0116095100   -0.0174246600
   0.0042626500    0.0002748100   -0.0008911700
  -0.0043999400    0.0007776900   -0.0006309800
   0.0036277700    0.0005206800   -0.0021610900
  -0.0020626700    0.0000023800    0.0018158000
   0.0021176800    0.0002052500    0.0005101300
   0.0032245300    0.0072846400    0.0057089000
  -0.0003186600   -0.0057885100   -0.0061447900
   0.0014416500    0.0014661900   -0.0019562700
   0.0043220600   -0.0062101700    0.0069996600
  -0.0034137500   -0.0021670700    0.0029933400
   0.0017189600    0.0001268500    0.0001121300
  -0.0086931300   -0.0022095600   -0.0044599500
   0.0064010700    0.0055202800    0.0054063700
   0.0099660700   -0.0011858200   -0.0046906400
  -0.0208272000   -0.0018439600   -0.0153435200
   0.0015087800   -0.0005867500    0.0013753400
  -0.0020027600    0.0004163700    0.0011467000

33   
  0.0000000000000000   0.0100000000000000   0.0000000000000000
  -0.0083497200    0.0126170000   -0.0084028300
   0.0013094200    0.0000532100   -0.0012888100
   0.0005820400   -0.0016144600    0.0015964400
   0.0000056500   -0.0003079600    0.0009739900
   0.0161434600    0.0276073300   -0.0216665000
  -0.0000369300    0.0001115300   -0.0000017600
  -0.0010699800   -0.0007484100    0.0001627300
  -0.0000916700   -0.0000859800   -0.0001744200
   0.0016037300    0.0000940400    0.0009568800
  -0.0166756600    0.0254982500    0.0071484700
   0.0000805700   -0.0000622600   -0.0006622600
  -0.0001940500   -0.0001663000   -0.0021246500
  -0.0000648100   -0.0011909000   -0.0010449900
  -0.0000653400   -0.0004925400   -0.0006451800
   0.0170375200    0.0124226100   -0.0025521400
  -0.0020607000   -0.0006324700    0.0000205900
   0.0022569400    0.0006506800    0.0035015400
  -0.0010005000   -0.0003492200    0.0014525000
   0.0007799200    0.0015949600   -0.0028579000
  -0.0015085400    0.0015014200   -0.0016462900
  -0.0007328000   -0.0008011800    0.0000817700
  -0.0006740200   -0.0013274500    0.0019871300
   0.0019506900    0.0007289300   -0.0002694600
  -0.0112467200    0.0095698700   -0.0183832500
   0.0001518800   -0.0004539300   -0.0019199300
   0.0000766200   -0.0006054600   -0.0009355000
  -0.0013374900    0.0118024800    0.0098436600
  -0.0000400000    0.0007195600    0.0013524900
  -0.0118077700    0.0103039200    0.0058313900
   0.0161480500    0.0101399800   -0.0002257800
   0.0002631000   -0.0009831300   -0.0021071200
  -0.0001287100   -0.0005270400   -0.0008316600
   0.0041916800   -0.1365588300    0.0782026000
  -0.0000161300   -0.0025260500    0.0019320400
  -0.0006853200    0.0003588100   -0.0022281500
  -0.0001884900    0.0002507000   -0.0007673300
  -0.0001856500    0.0022153400   -0.0020547400
   0.0011577300    0.0022237100   -0.0030839600
  -0.0008187000    0.0042337400   -0.0009493300
  -0.0005520600    0.0042352400   -0.0016236100
   0.0001365500   -0.0086554100   -0.0055170000
   0.0002113600   -0.0014336300   -0.0012640300
   0.0058704300   -0.0086060300   -0.0108463900
  -0.0013063000   -0.0014330800   -0.0002916800
   0.0009287900    0.0029851500    0.0027509000
  -0.0001422100    0.0053725800    0.0038564300
   0.0001260300    0.0002173900   -0.0003278800
  -0.0008498600    0.0021972000    0.0001166500
  -0.0004258500    0.0001518100   -0.0010006600
   0.0000240600   -0.0000309400   -0.0008767300
   0.0016217700   -0.0032108900    0.0029111600
  -0.0089649600   -0.0167165100    0.0018048300
   0.0001768500    0.0041417100   -0.0009718200
  -0.0017223100    0.0033993600   -0.0002224100
   0.0008597300    0.0022691200   -0.0028110200
   0.0003035300    0.0008661900   -0.0010880700
  -0.0032405000   -0.0049251700   -0.0002313300
   0.0021141200   -0.0049293900   -0.0029348800
   0.0011129300   -0.0020429000   -0.0024771400
  -0.0002805500   -0.0020463200   -0.0020093300
  -0.0005335500    0.0039653500    0.0015662500
  -0.0007249700    0.0012902100    0.0001816000
  -0.0001015600    0.0039614600    0.0026527600
   0.0006772100    0.0012905200    0.0013454300
   0.0049528100   -0.0051316000    0.0000107800
  -0.0048864900   -0.0104202900    0.0064717400
  -0.0011807300   -0.0007050200   -0.0004210800
  -0.0012507700   -0.0039812100   -0.0043602300
   0.0041822800    0.0146478300   -0.0049725800
  -0.0021519000    0.0034590100    0.0025882000
  -0.0002137200    0.0068593300    0.0053297500
   0.0004252500    0.0018648200    0.0008732800
  -0.0063540900   -0.0109178000   -0.0064954600
   0.0118169100   -0.0098713100   -0.0006846600
  -0.0004559800   -0.0012181100    0.0028551500
   0.0007603100   -0.0015054300    0.0027023700
  -0.0023283300    0.0026551700    0.0036500100
  -0.0001445800    0.0003244400    0.0014364400
  -0.0001154600    0.0379882900   -0.0234102900
   0.0005653600    0.0025121200   -0.0020102400
  -0.0018586000   -0.0085214700   -0.0089360300
   0.0004137200   -0.0008947300   -0.0018164600
  -0.0033927400   -0.0088103100    0.0064543100
   0.0001423700   -0.0020074900    0.0010262200
   0.0010623600    0.0060469900   -0.0002757700
   0.0012635200    0.0034113200    0.0005960700
  -0.0072648600    0.0023149200    0.0052259200
   0.0080550200    0.0044766600    0.0019346200
  -0.0014643300   -0.0031514600    0.0053993700
  -0.0004816300   -0.0004862200    0.0018796800
   0.0037524700   -0.0099784200   -0.0042239700
  -0.0023125400   -0.0068565300   -0.0045368000
   0.0045015800    0.0048399800   -0.0041240300
  -0.0047364900    0.0227114300   -0.0085142700
  -0.0008724400    0.0010928800    0.0026557400
  -0.0005062800    0.0016747200    0.0027799300

33   
  0.0000000000000000  -0.0100000000000000   0.0000000000000000
   0.0084559200   -0.0128376800    0.0084127800
  -0.0012161800   -0.0003198600    0.0012878700
  -0.0005080500    0.0013541200   -0.0016046200
   0.0000688300    0.0000533500   -0.0009799300
  -0.0158457100   -0.0270161000    0.0213103200
   0.0000956800    0.0001168900    0.0000167100
   0.0011337600    0.0009848200   -0.0001531500
   0.0001624600    0.0003291800    0.0001854400
  -0.0016885700    0.0001614900   -0.0009672900
   0.0168123200   -0.0255647300   -0.0072243100
  -0.0001522600    0.0003114300    0.0006582900
   0.0001195400    0.0004235700    0.0021327300
  -0.0000030900    0.0009585300    0.0010664600
   0.0000006200    0.0002565100    0.0006602900
  -0.0173176700   -0.0127966800    0.0025866300
   0.0020070900    0.0004090200   -0.0000028800
  -0.0023535600   -0.0003853800   -0.0035155100
   0.0009370600    0.0006059600   -0.0014576800
  -0.0008541200   -0.0013459100    0.0028760200
   0.0014410600   -0.0012509800    0.0016497200
   0.0006791000    0.0005682300   -0.0000916600
   0.0006120400    0.0010992900   -0.0020016200
  -0.0020258600   -0.0009737700    0.0002652900
   0.0112907200   -0.0099095900    0.0185252000
  -0.0000842800    0.0001942200    0.0019118000
   0.0000032800    0.0003523800    0.0009426100
   0.0014275200   -0.0119381100   -0.0097462500
   0.0001172600   -0.0009808300   -0.0013556100
   0.0117700600   -0.0100189500   -0.0058263000
  -0.0161239700   -0.0098561200    0.0002144000
  -0.0002015400    0.0012237100    0.0020994300
   0.0001921000    0.0007657200    0.0008207900
  -0.0053338900    0.1371676500   -0.0797794100
  -0.0001194700    0.0025058700   -0.0019371700
   0.0005437900   -0.0003948600    0.0022374300
   0.0000522900   -0.0002840800    0.0007758300
   0.0000424800   -0.0021892700    0.0020556100
  -0.0012818500   -0.0021769500    0.0030514300
   0.0006724900   -0.0042293100    0.0009590700
   0.0004201600   -0.0042275000    0.0016338600
   0.0000413800    0.0086713200    0.0056067700
  -0.0000813900    0.0014716700    0.0012834100
  -0.0057439100    0.0087239800    0.0107968600
   0.0014408500    0.0014685700    0.0002908200
  -0.0007990400   -0.0030279000   -0.0027728100
   0.0002800100   -0.0054016900   -0.0038648900
   0.0000095000   -0.0002498300    0.0003227500
   0.0009928900   -0.0022265900   -0.0001156200
   0.0005762400   -0.0001263900    0.0010148100
   0.0001125800    0.0000607100    0.0008769600
  -0.0014753200    0.0032674400   -0.0029389100
   0.0089620200    0.0168803100   -0.0019862800
  -0.0000414700   -0.0041834600    0.0009727100
   0.0018806300   -0.0034482200    0.0002249800
  -0.0007255600   -0.0023015000    0.0028223600
  -0.0001600800   -0.0008915400    0.0010870600
   0.0031905000    0.0048955900    0.0002925600
  -0.0023665100    0.0048937400    0.0029875100
  -0.0012527000    0.0020240200    0.0024859900
   0.0001397400    0.0020165000    0.0020016200
   0.0003859200   -0.0039313100   -0.0015713200
   0.0005935900   -0.0012581100   -0.0001728200
  -0.0000388300   -0.0039333000   -0.0026451300
  -0.0008137300   -0.0012615800   -0.0013400800
  -0.0050757500    0.0049194600   -0.0000124900
   0.0047291000    0.0101586200   -0.0064233300
   0.0010595000    0.0004853900    0.0004157100
   0.0011287500    0.0037550400    0.0043411200
  -0.0050746100   -0.0138305300    0.0038450400
   0.0020548400   -0.0031940800   -0.0025968000
   0.0000914600   -0.0066128500   -0.0053205000
  -0.0005513900   -0.0016141400   -0.0008724600
   0.0065231400    0.0112140300    0.0065554900
  -0.0117842500    0.0101457900    0.0006730900
   0.0005811300    0.0014484100   -0.0028704200
  -0.0006497000    0.0017238700   -0.0027105700
   0.0024679200   -0.0029194700   -0.0036823400
   0.0002648800   -0.0005718300   -0.0014467200
   0.0006666700   -0.0401734000    0.0260818400
  -0.0004484600   -0.0027770500    0.0020150400
   0.0020205900    0.0087289600    0.0089936700
  -0.0003011700    0.0011218700    0.0018369200
   0.0035329200    0.0090704300   -0.0064899200
  -0.0000273400    0.0022415800   -0.0010282100
  -0.0009668800   -0.0063501700    0.0002301500
  -0.0011282800   -0.0037039900   -0.0006355200
   0.0074072400   -0.0026049700   -0.0052642800
  -0.0079416700   -0.0047961600   -0.0018922200
   0.0013646000    0.0029317700   -0.0053988000
   0.0003464000    0.0002555300   -0.0018833800
  -0.0038439400    0.0098072100    0.0042501900
   0.0021806000    0.0066587000    0.0045528100
  -0.0046735200   -0.0045889500    0.0041622400
   0.0058490800   -0.0219395500    0.0086787000
   0.0007545500   -0.0008481100   -0.0026717700
   0.0003886700   -0.0014191200   -0.0027842200

33   
  0.0000000000000000   0.0000000000000000   0.0100000000000000
   0.0128784300   -0.0187071400    0.0143702900
  -0.0013609700    0.0000251400    0.0005238800
  -0.0015176100    0.0017828700   -0.0009275700
   0.0007008900   -0.0000962600    0.0000460400
  -0.0164882400   -0.0249969600    0.0087550100
   0.0013666000    0.0003676900   -0.0012095700
   0.0012069200    0.0004081700    0.0014828700
   0.0004294500    0.0000969300    0.0008659300
  -0.0009970200   -0.0001393100   -0.0016226900
   0.0070499300   -0.0103242100   -0.0109238500
   0.0002915600    0.0005044500    0.0013470200
  -0.0007562800    0.0017953500    0.0035481600
   0.0003640000    0.0023108500    0.0026701700
   0.0003095400    0.0006095100    0.0010230900
  -0.0149261600   -0.0109407900   -0.0005982600
   0.0018424800   -0.0007270100   -0.0010589800
  -0.0006769600    0.0031955200   -0.0029720200
   0.0005577500    0.0007426700   -0.0016019000
  -0.0008749100   -0.0018217500    0.0034269100
   0.0020343900   -0.0022931900    0.0024875100
   0.0028336200    0.0016199300    0.0000177800
  -0.0008212300    0.0013025900   -0.0010755100
  -0.0021465600   -0.0012076200    0.0002128900
   0.0077090700   -0.0074805800    0.0161479000
  -0.0008456100    0.0005011100    0.0020355900
   0.0005615900    0.0003364100    0.0013280600
   0.0004999200    0.0048426600    0.0001565600
   0.0012963800   -0.0015395100   -0.0013839600
   0.0025400700   -0.0038443600   -0.0076636200
   0.0024434000    0.0017427300   -0.0001289700
  -0.0003306500    0.0017223200    0.0034218700
   0.0000772300    0.0008562600    0.0013390200
  -0.0500703500    0.0798419300   -0.1542345800
   0.0004344400    0.0019245800   -0.0023419700
   0.0004838300   -0.0022370000    0.0052631700
   0.0005832900   -0.0007870400    0.0017122000
   0.0002699400   -0.0030465200    0.0029404400
  -0.0012607000   -0.0020334800    0.0029379300
  -0.0004722400   -0.0016245400   -0.0001040700
   0.0007088600   -0.0009460500   -0.0001098700
   0.0054133800    0.0107330400    0.0219606500
  -0.0002564500    0.0003200600    0.0006624500
  -0.0092398200    0.0055914500    0.0223176400
   0.0023076200    0.0012888500    0.0006412000
  -0.0004695400   -0.0027702300   -0.0031831200
  -0.0006901500   -0.0038692800   -0.0033088400
   0.0005464400    0.0003056100    0.0013331000
   0.0009098900   -0.0001435200    0.0014441800
   0.0022571100   -0.0009904100    0.0030337200
  -0.0006528700   -0.0008599100    0.0017604300
  -0.0012944000    0.0029483200   -0.0030820800
   0.0271050200    0.0019299500    0.0122318100
   0.0001788300   -0.0009971200   -0.0016502500
   0.0013873000   -0.0002516900   -0.0012971200
  -0.0009806600   -0.0028247300    0.0037915100
  -0.0002141900   -0.0011003600    0.0016316200
   0.0108413200    0.0029330700    0.0006840500
  -0.0072541800    0.0002698200    0.0007233500
  -0.0020686400    0.0019939800    0.0031641100
  -0.0000418700    0.0024634700    0.0031556200
  -0.0001035300   -0.0026248400   -0.0007141300
   0.0012507600   -0.0013189900    0.0000685800
  -0.0005246200   -0.0015663400   -0.0007323100
   0.0000621400   -0.0001720900    0.0000495300
  -0.0085714500    0.0060384300    0.0008376400
   0.0053597400    0.0079447200   -0.0057725300
   0.0013041300   -0.0001500700   -0.0004190200
  -0.0008970700   -0.0002034500   -0.0007835000
  -0.0065323400    0.0045919200    0.0094420900
   0.0004419200    0.0002954400    0.0024201000
   0.0008007000   -0.0082161100   -0.0106418900
  -0.0015289000   -0.0012184100   -0.0026340100
   0.0046467600    0.0068676200    0.0090729800
  -0.0053174100    0.0051405700    0.0031988200
  -0.0003272600    0.0008458000   -0.0050661300
  -0.0002116300    0.0008481500   -0.0040739700
   0.0062459600   -0.0050721000   -0.0107283900
  -0.0009702600   -0.0003783500   -0.0023709500
   0.0090033400   -0.0372912500    0.0518872400
  -0.0013102800   -0.0018392200    0.0029167100
   0.0025520100    0.0016311300    0.0069719300
  -0.0014273400   -0.0000807100    0.0034214100
   0.0034778800    0.0070508500   -0.0077150800
  -0.0005789200    0.0018203900   -0.0023085400
  -0.0070867600   -0.0094323700   -0.0026448700
   0.0014505800   -0.0027728500   -0.0013044500
   0.0087106500    0.0003437900   -0.0043030600
  -0.0093394500    0.0005215400   -0.0062937300
   0.0028044100    0.0035358700   -0.0081677600
  -0.0004289400    0.0001072000   -0.0024252500
   0.0032257300    0.0026073000    0.0051850000
  -0.0015880300    0.0006370500    0.0008481500
  -0.0047429300   -0.0003489000    0.0076229100
   0.0148346400   -0.0062608700    0.0287975500
   0.0003922600   -0.0001350800   -0.0047936700
   0.0012112800   -0.0004525100   -0.0049643300

33   
  0.0000000000000000   0.0000000000000000  -0.0100000000000000
  -0.0129077200    0.0186539300   -0.0145763500
   0.0014468500   -0.0002922600   -0.0005090600
   0.0015839400   -0.0020179500    0.0008960700
  -0.0006388200   -0.0001417400   -0.0000770000
   0.0167688100    0.0254843700   -0.0086795100
  -0.0013487000   -0.0001465700    0.0012398000
  -0.0011169900   -0.0001427000   -0.0014966700
  -0.0003660400    0.0001530700   -0.0008681400
   0.0009168100    0.0003890700    0.0016197400
  -0.0071249400    0.0106452700    0.0108080200
  -0.0003749100   -0.0002566100   -0.0013608500
   0.0007070000   -0.0015759400   -0.0035784500
  -0.0004439800   -0.0025855500   -0.0026764500
  -0.0003871600   -0.0008498500   -0.0010027600
   0.0147359000    0.0106292600    0.0005694800
  -0.0019171200    0.0004750000    0.0010567900
   0.0006326600   -0.0029551700    0.0030061100
  -0.0006375700   -0.0004902100    0.0016171500
   0.0008104600    0.0020620700   -0.0034233400
  -0.0021037300    0.0025400100   -0.0024893200
  -0.0029376800   -0.0018855500   -0.0000209100
   0.0007824300   -0.0015490600    0.0010870200
   0.0020614200    0.0009547300   -0.0002207500
  -0.0077379500    0.0072266600   -0.0160858500
   0.0009331900   -0.0007539100   -0.0020289300
  -0.0004995700   -0.0005823300   -0.0013236300
  -0.0003640400   -0.0051895500   -0.0002299400
  -0.0012541200    0.0013013200    0.0013841700
  -0.0024337300    0.0040601800    0.0076996500
  -0.0026532600   -0.0016355200    0.0001605900
   0.0003925700   -0.0014785900   -0.0034414200
  -0.0000075800   -0.0006127100   -0.0013539800
   0.0499448400   -0.0781582000    0.1531126200
  -0.0005921700   -0.0019435800    0.0023403500
  -0.0006048300    0.0022289000   -0.0052928900
  -0.0007318100    0.0007572600   -0.0017146800
  -0.0004191500    0.0030910500   -0.0029513600
   0.0011279000    0.0020731000   -0.0029511600
   0.0003463100    0.0016321000    0.0001054200
  -0.0008484700    0.0009622200    0.0000991600
  -0.0053969800   -0.0109099200   -0.0224279900
   0.0003748900   -0.0002656400   -0.0006239400
   0.0092933100   -0.0055356800   -0.0220708900
  -0.0021676500   -0.0012551800   -0.0006420200
   0.0006010600    0.0027516600    0.0031901200
   0.0008402700    0.0038521700    0.0033258900
  -0.0004200700   -0.0003462600   -0.0013555600
  -0.0007670000    0.0000880300   -0.0014709900
  -0.0021476300    0.0010260000   -0.0030539900
   0.0008149800    0.0008945800   -0.0017555400
   0.0014336500   -0.0028998100    0.0030615100
  -0.0266565000   -0.0018606800   -0.0122319900
  -0.0000342700    0.0009467400    0.0016668400
  -0.0012620900    0.0001951800    0.0013219000
   0.0011238800    0.0028088200   -0.0038058200
   0.0003557400    0.0010748600   -0.0016367900
  -0.0110699400   -0.0029869300   -0.0006326700
   0.0070117400   -0.0002559100   -0.0005957600
   0.0019192500   -0.0020197200   -0.0031671100
  -0.0000942200   -0.0024964200   -0.0031742700
  -0.0000239700    0.0026754800    0.0007325900
  -0.0013984200    0.0013627300   -0.0000549800
   0.0003969400    0.0015692200    0.0007119600
  -0.0002172600    0.0001854700   -0.0000714000
   0.0085373200   -0.0063031500   -0.0008686000
  -0.0055251600   -0.0082040500    0.0057797200
  -0.0014183900   -0.0000829800    0.0004392400
   0.0007838900   -0.0000033500    0.0008582400
   0.0054708400   -0.0033881600   -0.0103594300
  -0.0004768600   -0.0000587800   -0.0024914600
  -0.0009214300    0.0083922700    0.0106650700
   0.0014183600    0.0014506100    0.0026584200
  -0.0045136500   -0.0065956700   -0.0090615900
   0.0054374500   -0.0049040000   -0.0032133200
   0.0004715400   -0.0006010600    0.0050902200
   0.0003163300   -0.0006077000    0.0040766800
  -0.0062293100    0.0049144000    0.0108327100
   0.0011275100    0.0001351700    0.0023615400
  -0.0083610100    0.0339036700   -0.0493998100
   0.0014471600    0.0015914900   -0.0029091200
  -0.0024409100   -0.0014195500   -0.0070009400
   0.0015818800    0.0003273600   -0.0034511300
  -0.0033662700   -0.0067824600    0.0077372600
   0.0007062400   -0.0015739800    0.0023268500
   0.0072889600    0.0092769700    0.0025890800
  -0.0013337500    0.0024656000    0.0012146300
  -0.0085522400   -0.0005769600    0.0043038500
   0.0094745400   -0.0007779900    0.0063308100
  -0.0029583300   -0.0038026000    0.0082100600
   0.0003151800   -0.0003432600    0.0024166000
  -0.0034318200   -0.0027738600   -0.0051846800
   0.0015353400   -0.0007856300   -0.0007613200
   0.0046377300    0.0005488400   -0.0076583700
  -0.0144233500    0.0068577800   -0.0289998300
  -0.0004898900    0.0003624700    0.0048071400
  -0.0013566200    0.0006837700    0.0049736500

65   
  0.0100000000000000   0.0000000000000000   0.0000000000000000
   0.0453905900   -0.0175430800   -0.0076042400
  -0.0121319000    0.0005272400    0.0003829600
   0.0014504600   -0.0004326800   -0.0001129000
  -0.0018586700    0.0002510000    0.0005275100
  -0.0116771000   -0.0025323000   -0.0015733600
   0.0136833900    0.0055659900   -0.0100210500
  -0.0015598700   -0.0003506200    0.0007381000
   0.0015029000    0.0012962600   -0.0024202400
   0.0066275200   -0.0001809600    0.0041796100
  -0.0036780200    0.0013456700   -0.0004523700
   0.0085121400   -0.0048853700   -0.0005454400
  -0.0047883800    0.0020600200    0.0002374600
  -0.0028692100   -0.0056570800   -0.0017326400
  -0.0007629400    0.0006330900   -0.0016211200
   0.0012326600   -0.0003132200   -0.0003368400
  -0.0013045000    0.0000623600    0.0011497600
   0.0007787100   -0.0002329900   -0.0010433800
  -0.0052842800    0.0039492300    0.0009704400
  -0.0010124500   -0.0039518800    0.0058246900
  -0.0003759300    0.0011734300   -0.0011369000
   0.0101364100    0.0084184200   -0.0028776100
  -0.0056115200   -0.0022533800   -0.0002991100
   0.0018744000   -0.0002452600    0.0015922400
  -0.0028499800   -0.0017731000    0.0004411200
  -0.0116889400    0.0042899900    0.0018052600
   0.0223825700   -0.0049290200    0.0007607700
  -0.0021875000    0.0004394900   -0.0003851600
   0.0021174600    0.0007860900    0.0040637500
   0.0060070900    0.0022499100   -0.0083076800
  -0.0053860300   -0.0009626300    0.0027941800
   0.0081547400    0.0087371600    0.0088091600
  -0.0073040400   -0.0069234900   -0.0049928400
  -0.0063801900    0.0050009100   -0.0085557500
   0.0010258400   -0.0048260500    0.0054480200
  -0.0018191100   -0.0011296600    0.0013659500
   0.0006089200   -0.0011998700   -0.0008362200
   0.0069623700   -0.0045678600    0.0059153600
  -0.0080550800    0.0021061600   -0.0004498500
   0.0012165500    0.0001437700   -0.0008257900
  -0.0021559400   -0.0004747000    0.0014756300
  -0.0006942800    0.0118138400    0.0053615100
  -0.0011959100   -0.0064245800   -0.0045889300
   0.0009592700    0.0007324900    0.0002776600
  -0.0009414400   -0.0004960400    0.0004117100
   0.0228894800    0.0004016000    0.0086776000
  -0.0041374600   -0.0005337900   -0.0013932200
   0.0049703500    0.0023873000    0.0062489500
  -0.0030398200    0.0001887300   -0.0010449800
   0.0045145600   -0.0019109100    0.0024892200
  -0.0035031700    0.0003818600   -0.0015156100
   0.0021767700   -0.0034621200    0.0034335600
  -0.0019890400    0.0001031800   -0.0006430700
   0.0004896400   -0.0012250400   -0.0013956800
  -0.0031347800   -0.0010394600    0.0071884400
  -0.0041958400   -0.0080426900    0.0094455400
  -0.0013451000    0.0073070600   -0.0086046000
   0.0085839900    0.0037936700   -0.0033418600
  -0.0065542100   -0.0022583300    0.0015564200
   0.0032786200   -0.0014217400   -0.0028756600
  -0.0018466800   -0.0004240800    0.0003756800
  -0.0101258100   -0.0045928700   -0.0046946600
   0.0206234800    0.0059529500    0.0143978400
  -0.0016406700    0.0008343600    0.0004545300
   0.0018799900    0.0004669200    0.0012916500
  -0.1957969200    0.0156050900    0.0136553700
   0.0205251600    0.0008928200   -0.0028295800
  -0.0059319000   -0.0042316300   -0.0024641300
   0.0046412900    0.0000245400   -0.0009279800
   0.0267025400   -0.0418451600    0.0340886900
   0.0266807300    0.0217166300   -0.0026313100
   0.0003193400   -0.0023001100   -0.0034463300
   0.0003273800    0.0015033500    0.0025346500
  -0.0032991700    0.0051003100    0.0053023900
   0.0081254500   -0.0008702300   -0.0019736500
  -0.0032177200    0.0234423500   -0.0233848000
   0.0081105000   -0.0042563900    0.0042908000
   0.0086927100   -0.0014244500   -0.0046581100
  -0.0049260300    0.0028984600    0.0065737900
   0.0019131300   -0.0029161400    0.0019956300
  -0.0001349900    0.0017032300   -0.0040533200
   0.0064387200    0.0063539100    0.0044637600
  -0.0165083400   -0.0416253500   -0.0395447700
   0.0066862700    0.0030466100   -0.0049365400
  -0.0060307600   -0.0024084300    0.0015584500
  -0.0137420900   -0.0048213600   -0.0009992400
   0.0094748900   -0.0001107000    0.0042965100
  -0.0054673900    0.0034136900   -0.0026031000
   0.0041182900   -0.0000208500    0.0001933100
   0.0373376800    0.0063948600   -0.0380439400
   0.0368840800    0.0096582600    0.0369555000
   0.0019026700    0.0010777900    0.0039618600
   0.0019268400    0.0013982200   -0.0065898700
  -0.0204075200    0.0084284200   -0.0109509600
   0.0100417900   -0.0003739200   -0.0001393300
  -0.0203659600    0.0093434400    0.0098616900
   0.0100342700   -0.0010005400   -0.0034189300

65   
 -0.0100000000000000   0.0000000000000000   0.0000000000000000
  -0.0411198500    0.0147452000    0.0074375600
   0.0121720600   -0.0007322300   -0.0004416700
  -0.0013737100    0.0001741200    0.0001177500
   0.0019228000   -0.0005011100   -0.0005226700
   0.0117452500    0.0028148000    0.0015487700
  -0.0138460400   -0.0060157200    0.0106574400
   0.0016341700    0.0005977000   -0.0007187500
  -0.0014376700   -0.0010519500    0.0024418800
  -0.0067459100    0.0004466800   -0.0042054600
   0.0036079100   -0.0011052600    0.0004371500
  -0.0085836900    0.0051206900    0.0005416700
   0.0047287900   -0.0018267500   -0.0002465700
   0.0028051800    0.0054042900    0.0017376900
   0.0006887200   -0.0008980200    0.0016164600
  -0.0012421100    0.0001484100    0.0004021200
   0.0012266000   -0.0003085300   -0.0011354800
  -0.0007911500    0.0005070500    0.0010203200
   0.0051184500   -0.0036655000   -0.0009676900
   0.0009578300    0.0041849600   -0.0058044800
   0.0003037600   -0.0009351000    0.0011575800
  -0.0102163700   -0.0086532100    0.0028222000
   0.0055340100    0.0020015500    0.0002821000
  -0.0019531600   -0.0000140600   -0.0015820400
   0.0027779300    0.0015164200   -0.0004359700
   0.0117372700   -0.0045321600   -0.0017785200
  -0.0222151200    0.0045426500   -0.0009462900
   0.0022643200   -0.0006861000    0.0003988800
  -0.0020639300   -0.0010214400   -0.0040348600
  -0.0059234200   -0.0019764300    0.0082327300
   0.0054486900    0.0012131500   -0.0028050800
  -0.0081016700   -0.0084718400   -0.0087578500
   0.0074268800    0.0072105100    0.0050299800
   0.0062580100   -0.0050246900    0.0085483800
  -0.0011880900    0.0047930300   -0.0054406400
   0.0016859500    0.0011145800   -0.0013612500
  -0.0007489600    0.0011804300    0.0008430900
  -0.0069640300    0.0046948100   -0.0060960400
   0.0079550600   -0.0021012500    0.0004695100
  -0.0013367900   -0.0001639700    0.0008981100
   0.0020082100    0.0004987900   -0.0014680500
   0.0008410500   -0.0117910800   -0.0053969900
   0.0013363000    0.0064501700    0.0045694900
  -0.0008163200   -0.0006811100   -0.0002536500
   0.0010716000    0.0005392600   -0.0003884800
  -0.0226978800   -0.0003756800   -0.0086825100
   0.0042759200    0.0004836800    0.0013680800
  -0.0048334100   -0.0024080600   -0.0062238100
   0.0031838900   -0.0002161200    0.0010573700
  -0.0043751700    0.0019651500   -0.0025004300
   0.0036377100   -0.0003344600    0.0014951500
  -0.0020350100    0.0034614700   -0.0034094500
   0.0021373600   -0.0000683900    0.0006454300
  -0.0003024800    0.0011687100    0.0013866600
   0.0032327400    0.0009931700   -0.0071901300
   0.0042955400    0.0079562000   -0.0093696100
   0.0014932900   -0.0073610000    0.0086542900
  -0.0087011000   -0.0038031200    0.0033161500
   0.0064036000    0.0022380800   -0.0015636400
  -0.0034225000    0.0014084500    0.0028882400
   0.0017045000    0.0004070100   -0.0003650100
   0.0099421000    0.0045804200    0.0046843500
  -0.0229467900   -0.0046193700   -0.0148763300
   0.0015108300   -0.0007968100   -0.0004331400
  -0.0020240900   -0.0004282300   -0.0012756700
   0.1934062000   -0.0138881700   -0.0126334500
  -0.0206322500   -0.0011484600    0.0028707500
   0.0058251800    0.0040054100    0.0023988400
  -0.0047562000   -0.0002670800    0.0008999900
  -0.0267142400    0.0418555600   -0.0338915800
  -0.0267325100   -0.0215351200    0.0027299800
  -0.0004401600    0.0025136000    0.0033988500
  -0.0004321800   -0.0012787100   -0.0025765200
   0.0032361400   -0.0050706800   -0.0055358300
  -0.0079931900    0.0011321800    0.0019715300
   0.0033152200   -0.0231091400    0.0232941400
  -0.0080072300    0.0045505000   -0.0043301200
  -0.0085920300    0.0011864500    0.0046841400
   0.0050492800   -0.0031308600   -0.0065433000
  -0.0018428200    0.0026496100   -0.0020028600
   0.0002770000   -0.0019408500    0.0040271100
  -0.0063369200   -0.0060362800   -0.0043985600
   0.0170340900    0.0420243100    0.0398676400
  -0.0065646700   -0.0027788400    0.0048974900
   0.0061659300    0.0026603300   -0.0016013600
   0.0138647400    0.0045399800    0.0010228300
  -0.0093336200   -0.0001523700   -0.0042520500
   0.0055888900   -0.0036601200    0.0025458100
  -0.0040006100   -0.0002214100   -0.0002125000
  -0.0370558900   -0.0065514200    0.0375999000
  -0.0375114800   -0.0099367300   -0.0374010100
  -0.0020502600   -0.0012739900   -0.0039535400
  -0.0020256800   -0.0016400700    0.0065890500
   0.0202372000   -0.0081313800    0.0108630800
  -0.0101581300    0.0006039500    0.0001514600
   0.0202791700   -0.0091579400   -0.0099093700
  -0.0101668000    0.0011948800    0.0034010700

65   
  0.0000000000000000   0.0100000000000000   0.0000000000000000
  -0.0093771300    0.0187465600    0.0005460300
  -0.0049599300    0.0073452700   -0.0044625000
  -0.0005452500    0.0019175300   -0.0006807900
  -0.0004547400    0.0011307900   -0.0006404500
   0.0058550700    0.0026005400    0.0005671600
   0.0029348200    0.0195474400   -0.0123956700
   0.0005172500    0.0007523200   -0.0003893400
   0.0002069300    0.0018402300   -0.0045777900
   0.0044121700   -0.0118159600   -0.0096714000
   0.0009614100   -0.0013992300   -0.0004910400
   0.0060064800   -0.0055040100    0.0006844100
  -0.0003049500   -0.0005863000   -0.0006259200
  -0.0047651600   -0.0079018800   -0.0029016100
  -0.0001277900   -0.0026326500   -0.0002431600
  -0.0055853900   -0.0077898400   -0.0051485000
  -0.0006653200   -0.0019977000   -0.0012393300
  -0.0044995300   -0.0066924600    0.0029449700
   0.0133854300   -0.0091757500   -0.0004643100
  -0.0016152100   -0.0028867400    0.0042685800
   0.0009331000   -0.0006050000    0.0001108100
  -0.0063606800   -0.0148843600    0.0065636200
  -0.0014302600   -0.0021876600    0.0006612700
  -0.0002689000   -0.0024400400    0.0012586700
  -0.0008175000   -0.0012612100    0.0007356800
  -0.0025880800    0.0025074400   -0.0019073400
  -0.0117773300    0.0099483300   -0.0098761400
  -0.0013916300    0.0020703200    0.0014621300
  -0.0021308500    0.0058214900    0.0074330700
   0.0045096900    0.0045357800    0.0070112800
  -0.0023542300    0.0029795800    0.0046555100
   0.0042749500    0.0034576600   -0.0028821900
  -0.0005949700    0.0020213700    0.0002181500
   0.0026558900   -0.0050441000    0.0061769900
  -0.0015007800   -0.0102949300    0.0080529500
   0.0002438000   -0.0006104100   -0.0000323900
  -0.0017873700   -0.0038928100   -0.0000939300
  -0.0060096100    0.0145769800    0.0036619600
   0.0000757700    0.0033457800    0.0001756500
  -0.0022325400    0.0067348800   -0.0082905000
   0.0003721500    0.0017590000   -0.0013409300
   0.0005504000   -0.0100072400   -0.0050328700
  -0.0018062700   -0.0110510600   -0.0067305500
   0.0000940400   -0.0016013300   -0.0007296300
  -0.0000887300   -0.0013221500   -0.0007309000
   0.0120686600    0.0401504500    0.0370348400
   0.0004574600    0.0026344800    0.0017207000
   0.0027613400    0.0027734500    0.0049959600
  -0.0003363000    0.0004326500    0.0002549600
  -0.0006143700   -0.0085998200    0.0015481600
  -0.0003282100   -0.0009971300   -0.0001993700
   0.0001439800   -0.0089201700    0.0069074000
  -0.0000179100   -0.0021095900    0.0016974800
  -0.0056406400    0.0035418500   -0.0026279700
   0.0074600000    0.0061848900   -0.0093729300
  -0.0060776800    0.0046372400    0.0006353400
   0.0016669800    0.0024532300    0.0004618500
   0.0019827100   -0.0099342400   -0.0026977500
  -0.0057400500   -0.0067673200   -0.0007130400
   0.0019743800   -0.0030609500   -0.0036725600
  -0.0003160600   -0.0003870600   -0.0002284800
  -0.0013711400    0.0047437400    0.0004631900
  -0.0031742700    0.0224960800    0.0065628300
  -0.0007722200    0.0009832000    0.0002460300
   0.0002283000    0.0015612300    0.0005647800
   0.0147262000   -0.1932110500   -0.0271219800
   0.0009443100   -0.0074787300    0.0016106500
  -0.0041669900   -0.0099449400    0.0006041000
   0.0000803500   -0.0023041700   -0.0000678300
  -0.0216696200    0.0243170400   -0.0185424900
   0.0416765800    0.0242413300    0.0013678300
  -0.0014529800    0.0004284700    0.0019444600
   0.0023437500    0.0004302100    0.0016498400
   0.0233652800    0.0238017900    0.0321693400
  -0.0043629800    0.0002409200    0.0029606800
   0.0051775000    0.0238256200   -0.0250368600
  -0.0009509500    0.0002386600    0.0004977100
   0.0013605300    0.0057283300    0.0027337600
  -0.0029662500    0.0151181000    0.0002842800
   0.0028297500    0.0067861600   -0.0022766600
  -0.0017692700    0.0133873800    0.0005041500
   0.0062585200   -0.0002486800   -0.0025419100
  -0.0420200700    0.0513434200    0.0238503700
   0.0029623900    0.0007799100   -0.0009660200
  -0.0024754400    0.0006397900   -0.0023160600
   0.0047770300    0.0223349900    0.0018194100
   0.0000190900    0.0116218000   -0.0010112300
  -0.0034632700    0.0074992000   -0.0004888300
  -0.0000491400    0.0020011500   -0.0003746700
   0.0096961800   -0.0373797700    0.0185963100
   0.0064323000   -0.0373758100   -0.0136289400
   0.0014553100   -0.0117131900   -0.0013783200
   0.0011079600   -0.0117219200    0.0009005700
  -0.0092832000    0.0171790400   -0.0311149300
   0.0010257900    0.0001668400   -0.0044451800
  -0.0083382700    0.0172278700    0.0201854600
   0.0004253900    0.0001695800    0.0004418500

65   
  0.0000000000000000  -0.0100000000000000   0.0000000000000000
   0.0105694300   -0.0194189900   -0.0005703000
   0.0050568400   -0.0075989400    0.0044698300
   0.0006104100   -0.0021615200    0.0006670100
   0.0005290700   -0.0013748400    0.0006248500
  -0.0057530100   -0.0023475900   -0.0005544900
  -0.0040266600   -0.0205762800    0.0139895600
  -0.0004384700   -0.0005027700    0.0003946400
  -0.0001347200   -0.0015914100    0.0045881600
  -0.0044935300    0.0119987800    0.0095581900
  -0.0010165800    0.0016374600    0.0004813200
  -0.0061084200    0.0057676300   -0.0006742800
   0.0002395900    0.0008309600    0.0006165700
   0.0046843200    0.0076661600    0.0029278200
   0.0000739100    0.0023906800    0.0002650600
   0.0055341800    0.0075794700    0.0051893800
   0.0006017100    0.0017533400    0.0012366100
   0.0044119100    0.0069345400   -0.0029582500
  -0.0134232100    0.0093895700    0.0004408700
   0.0015484900    0.0031371700   -0.0042647700
  -0.0010028800    0.0008537700   -0.0001039000
   0.0062822700    0.0146100500   -0.0065692700
   0.0013719600    0.0019494600   -0.0006668100
   0.0001895500    0.0021934900   -0.0012766400
   0.0007562300    0.0010217600   -0.0007479500
   0.0026774600   -0.0027660200    0.0019156300
   0.0117426600   -0.0105721600    0.0095753200
   0.0014686900   -0.0023173700   -0.0014527500
   0.0022011100   -0.0060677300   -0.0074460000
  -0.0044733100   -0.0042838300   -0.0070316300
   0.0024381200   -0.0027237200   -0.0046637700
  -0.0042193600   -0.0032413200    0.0028438800
   0.0006645500   -0.0017864000   -0.0002348300
  -0.0027821200    0.0050042900   -0.0061590000
   0.0013722700    0.0102828400   -0.0080913900
  -0.0003776500    0.0005792000    0.0000390200
   0.0016477200    0.0038425900    0.0001087800
   0.0064054900   -0.0139069900   -0.0043230300
  -0.0002187900   -0.0033041600   -0.0001837500
   0.0020935500   -0.0067352600    0.0083123600
  -0.0005025900   -0.0017235700    0.0013270600
  -0.0004206900    0.0100123600    0.0050172600
   0.0019753900    0.0110838200    0.0067377600
   0.0000460400    0.0016300500    0.0007312500
   0.0002336100    0.0013453500    0.0007203400
  -0.0113711500   -0.0380203200   -0.0341683000
  -0.0003064900   -0.0026584600   -0.0017162500
  -0.0026344100   -0.0028044300   -0.0049970300
   0.0004785400   -0.0004672000   -0.0002636500
   0.0007504400    0.0086539800   -0.0015062200
   0.0004734700    0.0010235000    0.0002031200
  -0.0000183400    0.0089642700   -0.0069314600
   0.0001636200    0.0021399000   -0.0017015300
   0.0057621400   -0.0035738900    0.0026143300
  -0.0072902300   -0.0062180700    0.0093437600
   0.0062162100   -0.0046366400   -0.0006589600
  -0.0015183600   -0.0024680100   -0.0004542900
  -0.0021583100    0.0098514500    0.0026816400
   0.0056305100    0.0067463500    0.0007030700
  -0.0021134200    0.0030194200    0.0036589700
   0.0001831600    0.0003526400    0.0002175400
   0.0012502100   -0.0046825400   -0.0004303800
   0.0024772900   -0.0221610300   -0.0065474100
   0.0006392400   -0.0009545800   -0.0002448200
  -0.0003704100   -0.0015334600   -0.0005691100
  -0.0146852200    0.1914796900    0.0231759500
  -0.0011016600    0.0072372700   -0.0016164800
   0.0040657800    0.0097206300   -0.0006125400
  -0.0002126900    0.0020657900    0.0000738900
   0.0215790900   -0.0239891000    0.0185030400
  -0.0420233700   -0.0240664700   -0.0013276100
   0.0013244100   -0.0001878900   -0.0019340400
  -0.0024735800   -0.0001840200   -0.0016373600
  -0.0231846100   -0.0235867000   -0.0321081200
   0.0044481200   -0.0000140500   -0.0029445700
  -0.0049915100   -0.0235641100    0.0249511900
   0.0010545800   -0.0000154800   -0.0005112700
  -0.0012461100   -0.0059605800   -0.0027304500
   0.0030671500   -0.0153580600   -0.0003297600
  -0.0027331300   -0.0070237900    0.0022855000
   0.0018804400   -0.0136137900   -0.0004564100
  -0.0061277300    0.0004720700    0.0025312300
   0.0416373500   -0.0504826500   -0.0233605500
  -0.0028585700   -0.0005529600    0.0009864900
   0.0025955400   -0.0004106000    0.0023186100
  -0.0045810900   -0.0225418200   -0.0018015100
   0.0000650400   -0.0118525700    0.0009804000
   0.0036137600   -0.0077406400    0.0004929800
   0.0001562000   -0.0022384400    0.0003823900
  -0.0099013200    0.0370885200   -0.0184890600
  -0.0065146200    0.0370923500    0.0136244000
  -0.0015829800    0.0114816700    0.0013996300
  -0.0012484700    0.0114751000   -0.0008662300
   0.0092135100   -0.0170048900    0.0312641800
  -0.0011752000    0.0000807400    0.0044496500
   0.0082178600   -0.0169549400   -0.0202903900
  -0.0005552200    0.0000829500   -0.0004419000

65   
  0.0000000000000000   0.0000000000000000   0.0100000000000000
  -0.0006129100   -0.0022873200    0.0154834100
   0.0037437600   -0.0060510600    0.0089862600
   0.0002405000    0.0020165900   -0.0047081800
   0.0001100800    0.0013850800   -0.0034118200
   0.0001649800   -0.0011613500    0.0021183900
  -0.0029800300   -0.0051599500    0.0229023600
   0.0011413400    0.0011821000   -0.0019955400
  -0.0010592900    0.0013429500   -0.0076615900
   0.0055187600   -0.0080123000   -0.0046590100
   0.0010184800   -0.0004855400    0.0001156300
  -0.0068088200    0.0049377500   -0.0007343100
  -0.0000666800    0.0008636100   -0.0002447000
   0.0053099400    0.0085334900    0.0051951700
  -0.0012946500    0.0013676800    0.0030165100
  -0.0049178200   -0.0071978700   -0.0067803000
   0.0019907800   -0.0001459800   -0.0022931800
  -0.0044464400   -0.0046278100    0.0052840200
   0.0080266400   -0.0040616000    0.0004091100
   0.0023435000    0.0044108200   -0.0074882200
  -0.0012571400    0.0019220000   -0.0020149300
  -0.0020326400   -0.0051510900    0.0077975000
   0.0017994000   -0.0002415600    0.0027222000
  -0.0003891300    0.0024755200   -0.0051506800
   0.0008561900    0.0015969400   -0.0025926700
   0.0075894000   -0.0035435000    0.0021414200
  -0.0029947000    0.0003864300    0.0052563400
  -0.0015806000   -0.0001077400   -0.0018427900
   0.0012869200   -0.0026836100   -0.0081530400
  -0.0067984000    0.0017753700   -0.0012383600
   0.0035907200   -0.0002135200   -0.0026364900
   0.0046986600   -0.0037146100   -0.0048780600
  -0.0036645400   -0.0024703400   -0.0028173000
   0.0003645000   -0.0000197900    0.0008863900
   0.0019107100    0.0064083000   -0.0057515200
   0.0005293200   -0.0004294900   -0.0004303900
  -0.0039297100   -0.0043515600   -0.0008163900
   0.0001574000   -0.0039213700    0.0094837600
  -0.0037885900    0.0025979600    0.0024432300
  -0.0005217000    0.0053031500   -0.0106159100
   0.0016752900    0.0008863800   -0.0026421400
  -0.0006301400    0.0006664900    0.0031781200
  -0.0008677000    0.0065200900    0.0090356400
   0.0007600200   -0.0026805900   -0.0040597600
   0.0016943000   -0.0028366500   -0.0050589200
   0.0178652600    0.0263935700    0.0521528100
   0.0009536000    0.0019948100    0.0029066400
  -0.0031873400   -0.0036798400   -0.0107395600
   0.0001857300   -0.0014553200   -0.0023643000
   0.0006595900   -0.0089063100    0.0069547000
   0.0022234600   -0.0018044200    0.0034212400
  -0.0017162000    0.0064703100   -0.0077005400
  -0.0004354700    0.0010373600   -0.0023092500
  -0.0060942000    0.0005825100   -0.0012528800
   0.0057652300   -0.0002866000   -0.0025941200
   0.0070599700    0.0019005300   -0.0063007300
  -0.0018836200    0.0052064300   -0.0042883900
  -0.0045283400    0.0041984500    0.0051828500
   0.0053525600    0.0045107900    0.0007991100
   0.0029047800   -0.0053940800   -0.0081601100
   0.0000417000   -0.0018923700   -0.0024189100
   0.0045909800    0.0041696200    0.0076234100
   0.0157134300    0.0084173000    0.0289990700
  -0.0014343300   -0.0026432500   -0.0047910700
  -0.0012083700   -0.0027597200   -0.0049535300
   0.0132556000   -0.0264043000   -0.1794077700
  -0.0029216700    0.0014716300   -0.0070201000
  -0.0024817000    0.0004882100    0.0170837600
  -0.0009697500   -0.0001957900    0.0058297600
   0.0025507400    0.0015671400   -0.0107735500
  -0.0339779300   -0.0183563200   -0.0106507400
  -0.0026016200    0.0017563800    0.0083432700
   0.0033412500    0.0020520900    0.0083395800
   0.0233647100    0.0251251600    0.0306107200
  -0.0042483000   -0.0003762000    0.0010238300
  -0.0053161800   -0.0318324200    0.0305071900
   0.0020210300   -0.0028134000    0.0010220800
  -0.0046042100   -0.0028348900   -0.0034587900
   0.0065973900   -0.0004329900   -0.0112969800
   0.0020518000    0.0021620100    0.0039348800
  -0.0039677200   -0.0005984900    0.0110518800
   0.0044866300   -0.0024062000   -0.0081133000
  -0.0396275600    0.0237771300   -0.0189299200
  -0.0048452000   -0.0008476900    0.0078475800
   0.0016298000   -0.0021771100    0.0091723000
   0.0010805000    0.0017082800   -0.0139329000
  -0.0042100800   -0.0011121400   -0.0090429800
   0.0026294000   -0.0006122600    0.0124847100
  -0.0001490200   -0.0004987700    0.0054340000
  -0.0370432400    0.0133774600   -0.0030240000
   0.0375279600   -0.0185653300   -0.0031008700
   0.0065483300   -0.0009774900    0.0098985700
  -0.0040301600    0.0012619200    0.0098766500
   0.0097675700   -0.0201548100    0.0238719700
  -0.0034703700   -0.0003214900    0.0013315500
  -0.0108909900    0.0311312900    0.0237916900
  -0.0002053900    0.0045571500    0.0013502400

65   
  0.0000000000000000   0.0000000000000000  -0.0100000000000000
   0.0004260700    0.0022425400   -0.0153520700
  -0.0036891900    0.0058320600   -0.0090579100
  -0.0001751300   -0.0022701100    0.0047085600
  -0.0000385300   -0.0016386300    0.0034210500
  -0.0000268200    0.0014315100   -0.0021107100
   0.0019917400    0.0040034000   -0.0216653200
  -0.0010775600   -0.0009385500    0.0020114600
   0.0011447700   -0.0010923900    0.0077409300
  -0.0056154300    0.0082725800    0.0046717800
  -0.0010847000    0.0007275600   -0.0001208400
   0.0067664100   -0.0047259600    0.0007314000
   0.0000077500   -0.0006340900    0.0002314900
  -0.0054276600   -0.0088531400   -0.0052150700
   0.0012330800   -0.0016274500   -0.0030289000
   0.0048723300    0.0069977200    0.0068398400
  -0.0020726500   -0.0001006500    0.0023131800
   0.0043991700    0.0048733700   -0.0053016500
  -0.0081191200    0.0043131200   -0.0004100000
  -0.0024229600   -0.0041894100    0.0075415300
   0.0012016500   -0.0016921100    0.0020373000
   0.0019866100    0.0049348900   -0.0078610700
  -0.0018724300   -0.0000021600   -0.0027476800
   0.0003157100   -0.0027453400    0.0051788500
  -0.0009287500   -0.0018553900    0.0026030000
  -0.0075720600    0.0033150400   -0.0021508400
   0.0024633900   -0.0013366100   -0.0063125200
   0.0016374900   -0.0001237400    0.0018698900
  -0.0012117700    0.0024720400    0.0082149200
   0.0068016700   -0.0014568700    0.0011724200
  -0.0035243900    0.0004764300    0.0026503400
  -0.0046818800    0.0039752600    0.0048445000
   0.0037562600    0.0027121700    0.0028113600
  -0.0004770400   -0.0000405400   -0.0008215500
  -0.0020534500   -0.0064836500    0.0057984400
  -0.0006725300    0.0004090300    0.0004277700
   0.0038130000    0.0043536700    0.0008230300
   0.0003986400    0.0048998600   -0.0103195200
   0.0037091100   -0.0025890000   -0.0024661100
   0.0003746500   -0.0053469900    0.0106905000
  -0.0018202300   -0.0008620200    0.0026533900
   0.0007889400   -0.0006939300   -0.0032361100
   0.0010280100   -0.0065332400   -0.0091003600
  -0.0006269100    0.0027301100    0.0040901700
  -0.0015614700    0.0028867000    0.0050946700
  -0.0171079000   -0.0231077900   -0.0491422800
  -0.0008130500   -0.0020300600   -0.0029188500
   0.0033473400    0.0036554800    0.0108235900
  -0.0000486500    0.0014302600    0.0023715200
  -0.0005453200    0.0090226300   -0.0070165700
  -0.0020930500    0.0018463700   -0.0034486400
   0.0018687100   -0.0064743200    0.0077536000
   0.0005838600   -0.0010197400    0.0023282300
   0.0062395400   -0.0006470300    0.0012657300
  -0.0056359600    0.0002221500    0.0026382200
  -0.0069890900   -0.0019254000    0.0063238000
   0.0020419000   -0.0052799900    0.0043165300
   0.0043732900   -0.0042725700   -0.0051843600
  -0.0055174700   -0.0045745100   -0.0008061900
  -0.0030769300    0.0054068800    0.0082214400
  -0.0001763300    0.0018726700    0.0024247200
  -0.0047490900   -0.0041179000   -0.0076579500
  -0.0154757800   -0.0087847200   -0.0288033200
   0.0012951000    0.0026831500    0.0048100400
   0.0010817300    0.0028020200    0.0049831100
  -0.0130324200    0.0239096700    0.1771933000
   0.0027776200   -0.0017520700    0.0070931000
   0.0023820900   -0.0007262700   -0.0172101100
   0.0008586600   -0.0000493900   -0.0058639100
  -0.0028093900   -0.0011303400    0.0105746000
   0.0340016900    0.0186863100    0.0106967500
   0.0025102800   -0.0015348500   -0.0083815300
  -0.0035032700   -0.0018290300   -0.0083840700
  -0.0233157900   -0.0248670700   -0.0307256400
   0.0043728800    0.0006265800   -0.0010365400
   0.0055223400    0.0324406800   -0.0308284100
  -0.0019243200    0.0030887100   -0.0010393700
   0.0047369000    0.0026342200    0.0035164100
  -0.0065205100    0.0001850200    0.0113796500
  -0.0019495400   -0.0023969000   -0.0039770800
   0.0041123500    0.0003677000   -0.0111197500
  -0.0043769600    0.0026641800    0.0081275700
   0.0397835300   -0.0234336900    0.0189285000
   0.0049881500    0.0011004200   -0.0078777300
  -0.0015312100    0.0024546000   -0.0092292400
  -0.0009411900   -0.0019096100    0.0140275400
   0.0043383800    0.0008827900    0.0090993100
  -0.0025184200    0.0003758800   -0.0125764400
   0.0002573100    0.0002604500   -0.0054691200
   0.0373099300   -0.0138726600    0.0032494200
  -0.0381114300    0.0185259900    0.0031716900
  -0.0066296200    0.0007941100   -0.0098775300
   0.0038840100   -0.0015124200   -0.0099004000
  -0.0100006500    0.0203169900   -0.0239640800
   0.0033503500    0.0005602600   -0.0013721000
   0.0109243900   -0.0312538300   -0.0240470500
   0.0000872100   -0.0043410900   -0.0013536500
