144  
11   

1    
  0.0100000000000000   0.0000000000000000   0.0000000000000000
  -0.0837406700    0.0000000000    0.0041209300
   0.0032800200    0.0000000000    0.0045363000
   0.0032632700    0.0000000000    0.0018334100
  -0.0009395900   -0.0000244700    0.0031976500
   0.0012847600    0.0015326400    0.0030414400
   0.0012864100   -0.0015264100    0.0033046700
  -0.0009395900    0.0000244700    0.0031976500
   0.0012847600   -0.0015326400    0.0030414400
   0.0012864100    0.0015264100    0.0033046700
  -0.0000431200    0.0000000000    0.0031694100
   0.0000262300    0.0000000000    0.0031833500
   0.0000275300    0.0000000000    0.0031611800
  -0.0000238600    0.0000008000    0.0031706000
   0.0000133300   -0.0000060000    0.0031827700
   0.0000130300    0.0000071400    0.0031595600
  -0.0000238600   -0.0000008000    0.0031706000
   0.0000133300    0.0000060000    0.0031827700
   0.0000130300   -0.0000071400    0.0031595600
   0.0072409800   -0.0122903000    0.0007995100
   0.0072891700    0.0124403500    0.0055504400
   0.0023020300    0.0000036600    0.0031749200
  -0.0004809600    0.0000000000    0.0026558600
  -0.0004988400    0.0000000000    0.0037018000
   0.0013020300    0.0000000000    0.0031757500
   0.0072409800    0.0122903000    0.0007995100
   0.0072891700   -0.0124403500    0.0055504400
   0.0023020300   -0.0000036600    0.0031749200
  -0.0000099200   -0.0000099200    0.0031538300
  -0.0000124300    0.0000090700    0.0031864600
   0.0000226200    0.0000005100    0.0031684700
  -0.0000136600    0.0000000000    0.0031526400
  -0.0000158800    0.0000000000    0.0031893300
   0.0000308600    0.0000000000    0.0031699000
  -0.0000099200    0.0000099200    0.0031538300
  -0.0000124300   -0.0000090700    0.0031864600
   0.0000226200   -0.0000005100    0.0031684700
  -0.0002048100    0.0000000000   -0.0031768400
   0.0001492100    0.0000000000   -0.0030194200
   0.0001503800    0.0000000000   -0.0033277200
  -0.0000200800    0.0000000100   -0.0031727300
   0.0000015300    0.0001709100   -0.0031319800
   0.0000010700   -0.0001690200   -0.0032140300
  -0.0000200800   -0.0000000100   -0.0031727300
   0.0000015300   -0.0001709100   -0.0031319800
   0.0000010700    0.0001690200   -0.0032140300
  -0.0054693800    0.0000000000   -0.0031625700
   0.0073787300    0.0000000000   -0.0085475800
   0.0073042100    0.0000000000    0.0021548000
  -0.0009882800    0.0000032400   -0.0031627000
   0.0005281500    0.0003686200   -0.0031123300
   0.0005303400   -0.0003649900   -0.0032268400
  -0.0009882800   -0.0000032400   -0.0031627000
   0.0005281500   -0.0003686200   -0.0031123300
   0.0005303400    0.0003649900   -0.0032268400
  -0.0001253700   -0.0001128300   -0.0032415300
  -0.0001254100    0.0001132500   -0.0031075900
   0.0003416700    0.0000008500   -0.0031755700
  -0.0000101200    0.0000000000   -0.0031357000
  -0.0000109800    0.0000000000   -0.0032209300
  -0.0000317200    0.0000000000   -0.0031761300
  -0.0001253700    0.0001128300   -0.0032415300
  -0.0001254100   -0.0001132500   -0.0031075900
   0.0003416700   -0.0000008500   -0.0031755700
  -0.0007439600   -0.0020685000   -0.0007497200
  -0.0007480000    0.0020977500   -0.0056042700
   0.0015530800    0.0000052800   -0.0031689700
  -0.0002439800    0.0000000000   -0.0022910300
  -0.0002463400    0.0000000000   -0.0040550100
   0.0005847500    0.0000000000   -0.0031739300
  -0.0007439600    0.0020685000   -0.0007497200
  -0.0007480000   -0.0020977500   -0.0056042700
   0.0015530800   -0.0000052800   -0.0031689700
   0.0129244100   -0.0000022300   -0.0088217600
  -0.0048302500   -0.0011964800   -0.0105328000
  -0.0048357800    0.0011792100   -0.0069765600
   0.0009011100    0.0000000000   -0.0087429700
  -0.0004136600    0.0000000000   -0.0093507500
  -0.0004238100    0.0000000000   -0.0081542500
   0.0129244100    0.0000022300   -0.0088217600
  -0.0048302500    0.0011964800   -0.0105328000
  -0.0048357800   -0.0011792100   -0.0069765600
   0.0001359200   -0.0000003800   -0.0087456100
  -0.0000702100    0.0000105800   -0.0087121700
  -0.0000718600   -0.0000129400   -0.0087781600
   0.0001438900    0.0000000000   -0.0087472600
  -0.0000736000    0.0000000000   -0.0087286400
  -0.0000736800    0.0000000000   -0.0087624300
   0.0001359200    0.0000003800   -0.0087456100
  -0.0000702100   -0.0000105800   -0.0087121700
  -0.0000718600    0.0000129400   -0.0087781600
   0.0006857700   -0.0000011000    0.0087510400
  -0.0004130500   -0.0003911900    0.0083937300
  -0.0004160500    0.0003867400    0.0091058200
   0.0001139300    0.0000000000    0.0087519700
  -0.0000258900    0.0000000000    0.0088987100
  -0.0000290700    0.0000000000    0.0086043000
   0.0006857700    0.0000011000    0.0087510400
  -0.0004130500    0.0003911900    0.0083937300
  -0.0004160500   -0.0003867400    0.0091058200
   0.0027555200   -0.0000056100    0.0087544100
  -0.0012882000   -0.0019621800    0.0096691900
  -0.0012851400    0.0019431300    0.0078434000
   0.0009076400    0.0000000000    0.0087495000
  -0.0004422600    0.0000000000    0.0090269800
  -0.0004472400    0.0000000000    0.0084728200
   0.0027555200    0.0000056100    0.0087544100
  -0.0012882000    0.0019621800    0.0096691900
  -0.0012851400   -0.0019431300    0.0078434000
   0.0128523800    0.0000000000    0.0018877300
   0.0137458800    0.0000000000   -0.0027200000
  -0.0041217500    0.0000000000   -0.0000081000
   0.0007008600    0.0024084200   -0.0014071700
   0.0007139100   -0.0024227400    0.0013832900
  -0.0013997900   -0.0000062900   -0.0000046900
   0.0007008600   -0.0024084200   -0.0014071700
   0.0007139100    0.0024227400    0.0013832900
  -0.0013997900    0.0000062900   -0.0000046900
   0.0000543200    0.0000000000    0.0001374200
   0.0000567300    0.0000000000   -0.0001274800
  -0.0001077000    0.0000000000    0.0000041500
   0.0000152500    0.0000406400    0.0000305400
   0.0000128200   -0.0000383500   -0.0000193000
  -0.0000283900   -0.0000009500    0.0000046300
   0.0000152500   -0.0000406400    0.0000305400
   0.0000128200    0.0000383500   -0.0000193000
  -0.0000283900    0.0000009500    0.0000046300
   0.0004401800    0.0000000000   -0.0015320500
   0.0004389700    0.0000000000    0.0015357700
   0.0006192200    0.0000000000    0.0000018300
  -0.0003367100    0.0001565600    0.0001172500
  -0.0003465200   -0.0001625600   -0.0001276700
   0.0003682700    0.0000002400    0.0000014600
  -0.0003367100   -0.0001565600    0.0001172500
  -0.0003465200    0.0001625600   -0.0001276700
   0.0003682700   -0.0000002400    0.0000014600
  -0.0001227800    0.0000000000    0.0000516600
  -0.0001227200    0.0000000000   -0.0000552700
   0.0003167700    0.0000000000   -0.0000029400
  -0.0001006500   -0.0000413900    0.0001104300
  -0.0001013500    0.0000423800   -0.0001138000
   0.0002031500    0.0000007600   -0.0000018200
  -0.0001006500    0.0000413900    0.0001104300
  -0.0001013500   -0.0000423800   -0.0001138000
   0.0002031500   -0.0000007600   -0.0000018200

1    
  0.0000000000000000   0.0100000000000000   0.0000000000000000
   0.0000000000   -0.1055537700    0.0015843400
  -0.0000089200   -0.0038140000    0.0031408700
   0.0000089200   -0.0038140000    0.0031408700
   0.0000000000    0.0094245000   -0.0029950000
   0.0015311700    0.0029802100    0.0037500600
  -0.0015311700    0.0029802100    0.0037500600
   0.0000000000    0.0094330000    0.0092842400
  -0.0015288000    0.0029689500    0.0025520800
   0.0015288000    0.0029689500    0.0025520800
   0.0000000000    0.0000099200    0.0031564500
   0.0000000200   -0.0000028500    0.0031562000
  -0.0000000200   -0.0000028500    0.0031562000
   0.0000000000   -0.0000010900    0.0031777200
  -0.0000065300   -0.0000032400    0.0031670700
   0.0000065300   -0.0000032400    0.0031670700
   0.0000000000   -0.0000006400    0.0031350100
   0.0000061100   -0.0000028600    0.0031459900
  -0.0000061100   -0.0000028600    0.0031459900
  -0.0164637300    0.0072813000    0.0040296300
   0.0164637300    0.0072813000    0.0040296300
   0.0000000000   -0.0004925200    0.0012974300
  -0.0000021900    0.0023033200    0.0031488700
   0.0000021900    0.0023033200    0.0031488700
   0.0000000000    0.0013033000    0.0031503900
   0.0162573400    0.0072479800    0.0022872200
  -0.0162573400    0.0072479800    0.0022872200
   0.0000000000   -0.0004880300    0.0049979500
   0.0000058100   -0.0000101600    0.0031721700
  -0.0000058100   -0.0000101600    0.0031721700
   0.0000000000   -0.0000136600    0.0031686000
   0.0000000600    0.0000207300    0.0031565400
  -0.0000000600    0.0000207300    0.0031565400
   0.0000000000    0.0000287500    0.0031567300
  -0.0000057700   -0.0000096900    0.0031406700
   0.0000057700   -0.0000096900    0.0031406700
   0.0000000000   -0.0000132600    0.0031450000
   0.0000000000   -0.0006176200   -0.0031515700
  -0.0000006200   -0.0003660000   -0.0031515800
   0.0000006200   -0.0003660000   -0.0031515800
   0.0000000000    0.0003062500   -0.0030560000
   0.0001693700    0.0002925000   -0.0031447300
  -0.0001693700    0.0002925000   -0.0031447300
   0.0000000000    0.0003085000   -0.0032470100
  -0.0001693600    0.0002963500   -0.0031571400
   0.0001693600    0.0002963500   -0.0031571400
   0.0000000000   -0.0058795900   -0.0030820200
  -0.0000339800   -0.0000066000   -0.0031267400
   0.0000339800   -0.0000066000   -0.0031267400
   0.0000000000    0.0002001200   -0.0050913600
   0.0003662300    0.0003134900   -0.0039630800
  -0.0003662300    0.0003134900   -0.0039630800
   0.0000000000    0.0002111800   -0.0012265900
  -0.0003667300    0.0003199200   -0.0023512800
   0.0003667300    0.0003199200   -0.0023512800
  -0.0001453700   -0.0001270200   -0.0029741400
   0.0001453700   -0.0001270200   -0.0029741400
   0.0000000000   -0.0000122000   -0.0030527300
   0.0000004000    0.0003436600   -0.0031498600
  -0.0000004000    0.0003436600   -0.0031498600
   0.0000000000   -0.0000294900   -0.0031494300
   0.0001460200   -0.0001262300   -0.0033293800
  -0.0001460200   -0.0001262300   -0.0033293800
   0.0000000000   -0.0000118300   -0.0032505700
  -0.0004203700   -0.0007558400   -0.0042141400
   0.0004203700   -0.0007558400   -0.0042141400
   0.0000000000   -0.0002498500   -0.0032677600
   0.0000002300    0.0015514700   -0.0031555700
  -0.0000002300    0.0015514700   -0.0031555700
   0.0000000000    0.0005840700   -0.0031555300
   0.0004230600   -0.0007351900   -0.0020910200
  -0.0004230600   -0.0007351900   -0.0020910200
   0.0000000000   -0.0002401500   -0.0030460700
   0.0000000000    0.0248651600    0.0118204100
  -0.0062115100    0.0022561600   -0.0107331200
   0.0062115100    0.0022561600   -0.0107331200
   0.0000000000   -0.0103703500   -0.0087399200
  -0.0000005100   -0.0036031100   -0.0087418400
   0.0000005100   -0.0036031100   -0.0087418400
   0.0000000000    0.0225400600   -0.0278582500
   0.0062003900    0.0022411100   -0.0067587100
  -0.0062003900    0.0022411100   -0.0067587100
   0.0000000000    0.0000250500   -0.0087519100
   0.0000086900    0.0000304200   -0.0087397200
  -0.0000086900    0.0000304200   -0.0087397200
   0.0000000000   -0.0000515600   -0.0087480600
  -0.0000001900   -0.0000533700   -0.0087480400
   0.0000001900   -0.0000533700   -0.0087480400
   0.0000000000    0.0000239800   -0.0087448100
  -0.0000083900    0.0000289000   -0.0087567200
   0.0000083900    0.0000289000   -0.0087567200
   0.0000000000    0.0008462700    0.0076374300
  -0.0002138100    0.0007203500    0.0083310800
   0.0002138100    0.0007203500    0.0083310800
   0.0000000000   -0.0017849900    0.0087411600
  -0.0000025800   -0.0017177200    0.0087391400
   0.0000025800   -0.0017177200    0.0087391400
   0.0000000000    0.0008395900    0.0098455100
   0.0002141700    0.0007160500    0.0091549200
  -0.0002141700    0.0007160500    0.0091549200
   0.0000000000    0.0009955400    0.0103832800
  -0.0003543000    0.0004244300    0.0090370000
   0.0003543000    0.0004244300    0.0090370000
   0.0000000000   -0.0013892900    0.0087443400
   0.0000001700   -0.0008433900    0.0087448500
  -0.0000001700   -0.0008433900    0.0087448500
   0.0000000000    0.0009529000    0.0071071700
   0.0003584400    0.0004016200    0.0084448400
  -0.0003584400    0.0004016200    0.0084448400
  -0.0000336300    0.0110489000   -0.0000025800
   0.0000336300    0.0110489000   -0.0000025800
   0.0000000000    0.0016781800    0.0000156000
   0.0017327400   -0.0037495800    0.0039625800
  -0.0017327400   -0.0037495800    0.0039625800
   0.0000000000   -0.0008196800    0.0009714200
  -0.0017353100   -0.0037514900   -0.0039398100
   0.0017353100   -0.0037514900   -0.0039398100
   0.0000000000   -0.0008246200   -0.0009524600
  -0.0000000400    0.0001013800   -0.0000054900
   0.0000000400    0.0001013800   -0.0000054900
   0.0000000000    0.0000252300   -0.0000058300
   0.0000507300   -0.0000476200   -0.0001496800
  -0.0000507300   -0.0000476200   -0.0001496800
   0.0000000000   -0.0000063200   -0.0000366000
  -0.0000512800   -0.0000487200    0.0001368300
   0.0000512800   -0.0000487200    0.0001368300
   0.0000000000   -0.0000080000    0.0000232400
  -0.0000031500   -0.0014394000    0.0000001800
   0.0000031500   -0.0014394000    0.0000001800
   0.0000000000   -0.0011298300    0.0000016700
  -0.0019650000    0.0022648100    0.0023305300
   0.0019650000    0.0022648100    0.0023305300
   0.0000000000    0.0005600600    0.0005091900
   0.0019573000    0.0022577400   -0.0023222300
  -0.0019573000    0.0022577400   -0.0023222300
   0.0000000000    0.0005590800   -0.0005072500
   0.0000004500   -0.0001265100    0.0000022000
  -0.0000004500   -0.0001265100    0.0000022000
   0.0000000000   -0.0001200400    0.0000024300
   0.0000448400    0.0000246200    0.0000079000
  -0.0000448400    0.0000246200    0.0000079000
   0.0000000000    0.0000707400   -0.0000695900
  -0.0000442100    0.0000266600   -0.0000041200
   0.0000442100    0.0000266600   -0.0000041200
   0.0000000000    0.0000720200    0.0000721400

1    
  0.0000000000000000   0.0000000000000000   0.0100000000000000
   0.0000000000    0.0000000000   -0.0768498800
  -0.0013532100    0.0000000000    0.0004197200
   0.0013532100    0.0000000000    0.0004197200
   0.0000000000    0.0061644400   -0.0042720800
   0.0001274100   -0.0006026100    0.0025458400
  -0.0001274100   -0.0006026100    0.0025458400
   0.0000000000   -0.0061644400   -0.0042720800
   0.0001274100    0.0006026100    0.0025458400
  -0.0001274100    0.0006026100    0.0025458400
   0.0000000000    0.0000000000    0.0038696200
  -0.0000105500    0.0000000000    0.0038597300
   0.0000105500    0.0000000000    0.0038597300
   0.0000000000   -0.0000211800    0.0038543900
  -0.0000087100   -0.0000103500    0.0038717300
   0.0000087100   -0.0000103500    0.0038717300
   0.0000000000    0.0000211800    0.0038543900
  -0.0000087100    0.0000103500    0.0038717300
   0.0000087100    0.0000103500    0.0038717300
   0.0009027900   -0.0024078300   -0.0023314000
  -0.0009027900   -0.0024078300   -0.0023314000
   0.0000000000   -0.0005169700    0.0024823900
  -0.0018541300    0.0000000000    0.0024800000
   0.0018541300    0.0000000000    0.0024800000
   0.0000000000    0.0000000000    0.0020994400
   0.0009027900    0.0024078300   -0.0023314000
  -0.0009027900    0.0024078300   -0.0023314000
   0.0000000000    0.0005169700    0.0024823900
   0.0000158100   -0.0000165600    0.0038632900
  -0.0000158100   -0.0000165600    0.0038632900
   0.0000000000   -0.0000149200    0.0038583700
   0.0000115200    0.0000000000    0.0038580900
  -0.0000115200    0.0000000000    0.0038580900
   0.0000000000    0.0000000000    0.0038781200
   0.0000158100    0.0000165600    0.0038632900
  -0.0000158100    0.0000165600    0.0038632900
   0.0000000000    0.0000149200    0.0038583700
   0.0000000000    0.0000000000   -0.0023728000
   0.0001539000    0.0000000000   -0.0024735700
  -0.0001539000    0.0000000000   -0.0024735700
   0.0000000000    0.0000973200   -0.0024490100
   0.0000400300    0.0000091400   -0.0024193400
  -0.0000400300    0.0000091400   -0.0024193400
   0.0000000000   -0.0000973200   -0.0024490100
   0.0000400300   -0.0000091400   -0.0024193400
  -0.0000400300   -0.0000091400   -0.0024193400
   0.0000000000    0.0000000000    0.0169368000
  -0.0053411700    0.0000000000    0.0013366500
   0.0053411700    0.0000000000    0.0013366500
   0.0000000000   -0.0019265300   -0.0051770000
   0.0000581100   -0.0008042800   -0.0039784700
  -0.0000581100   -0.0008042800   -0.0039784700
   0.0000000000    0.0019265300   -0.0051770000
   0.0000581100    0.0008042800   -0.0039784700
  -0.0000581100    0.0008042800   -0.0039784700
  -0.0001772100    0.0000675500   -0.0024333300
   0.0001772100    0.0000675500   -0.0024333300
   0.0000000000   -0.0000439800   -0.0024732300
  -0.0000984500    0.0000000000   -0.0024750800
   0.0000984500    0.0000000000   -0.0024750800
   0.0000000000    0.0000000000   -0.0023733900
  -0.0001772100   -0.0000675500   -0.0024333300
   0.0001772100   -0.0000675500   -0.0024333300
   0.0000000000    0.0000439800   -0.0024732300
   0.0010576700   -0.0024248300   -0.0024932000
  -0.0010576700   -0.0024248300   -0.0024932000
   0.0000000000   -0.0008836900   -0.0038343500
   0.0001090600    0.0000000000   -0.0038337400
  -0.0001090600    0.0000000000   -0.0038337400
   0.0000000000    0.0000000000   -0.0034841000
   0.0010576700    0.0024248300   -0.0024932000
  -0.0010576700    0.0024248300   -0.0024932000
   0.0000000000    0.0008836900   -0.0038343500
   0.0000000000    0.0181677700    0.0233012300
  -0.0002857500    0.0007650500   -0.0074163600
   0.0002857500    0.0007650500   -0.0074163600
   0.0000000000    0.0000000000   -0.0101069400
  -0.0010692500    0.0000000000   -0.0079682300
   0.0010692500    0.0000000000   -0.0079682300
   0.0000000000   -0.0181677700    0.0233012300
  -0.0002857500   -0.0007650500   -0.0074163600
   0.0002857500   -0.0007650500   -0.0074163600
   0.0000000000    0.0001088200   -0.0096160900
   0.0000593500    0.0001243500   -0.0095656700
  -0.0000593500    0.0001243500   -0.0095656700
   0.0000000000    0.0000000000   -0.0095315900
   0.0000869700    0.0000000000   -0.0095315900
  -0.0000869700    0.0000000000   -0.0095315900
   0.0000000000   -0.0001088200   -0.0096160900
   0.0000593500   -0.0001243500   -0.0095656700
  -0.0000593500   -0.0001243500   -0.0095656700
   0.0000000000   -0.0002517100    0.0075364300
  -0.0006955900   -0.0001583300    0.0080910100
   0.0006955900   -0.0001583300    0.0080910100
   0.0000000000    0.0000000000    0.0079112700
  -0.0005843000    0.0000000000    0.0079920700
   0.0005843000    0.0000000000    0.0079920700
   0.0000000000    0.0002517100    0.0075364300
  -0.0006955900    0.0001583300    0.0080910100
   0.0006955900    0.0001583300    0.0080910100
   0.0000000000    0.0059796000    0.0069712800
   0.0008973600    0.0020627800    0.0079172900
  -0.0008973600    0.0020627800    0.0079172900
   0.0000000000    0.0000000000    0.0088001000
  -0.0000532500    0.0000000000    0.0087662600
   0.0000532500    0.0000000000    0.0087662600
   0.0000000000   -0.0059796000    0.0069712800
   0.0008973600   -0.0020627800    0.0079172900
  -0.0008973600   -0.0020627800    0.0079172900
  -0.0009186700    0.0000000000    0.0089731500
   0.0009186700    0.0000000000    0.0089731500
   0.0000000000    0.0000000000    0.0026301800
   0.0013035700    0.0017248800    0.0034815700
  -0.0013035700    0.0017248800    0.0034815700
   0.0000000000    0.0005979600    0.0017165600
   0.0013035700   -0.0017248800    0.0034815700
  -0.0013035700   -0.0017248800    0.0034815700
   0.0000000000   -0.0005979600    0.0017165600
   0.0000230500    0.0000000000   -0.0017550200
  -0.0000230500    0.0000000000   -0.0017550200
   0.0000000000    0.0000000000   -0.0016311000
  -0.0000194900   -0.0000187200   -0.0016920100
   0.0000194900   -0.0000187200   -0.0016920100
   0.0000000000    0.0000277900   -0.0016821100
  -0.0000194900    0.0000187200   -0.0016920100
   0.0000194900    0.0000187200   -0.0016920100
   0.0000000000   -0.0000277900   -0.0016821100
  -0.0011493300    0.0000000000    0.0016261100
   0.0011493300    0.0000000000    0.0016261100
   0.0000000000    0.0000000000   -0.0004743500
  -0.0010763300    0.0007521600    0.0010157200
   0.0010763300    0.0007521600    0.0010157200
   0.0000000000   -0.0001700500   -0.0003060800
  -0.0010763300   -0.0007521600    0.0010157200
   0.0010763300   -0.0007521600    0.0010157200
   0.0000000000    0.0001700500   -0.0003060800
   0.0001120500    0.0000000000    0.0005899800
  -0.0001120500    0.0000000000    0.0005899800
   0.0000000000    0.0000000000    0.0005946700
   0.0001417200   -0.0002827200    0.0005113100
  -0.0001417200   -0.0002827200    0.0005113100
   0.0000000000   -0.0001688400    0.0003407600
   0.0001417200    0.0002827200    0.0005113100
  -0.0001417200    0.0002827200    0.0005113100
   0.0000000000    0.0001688400    0.0003407600

1    
  0.0000000000000000   0.0000000000000000  -0.0100000000000000
   0.0000000000    0.0000000000    0.0835242600
   0.0013525700    0.0000000000    0.0058975800
  -0.0013525700    0.0000000000    0.0058975800
   0.0000000000   -0.0061156700    0.0105552200
  -0.0001340700    0.0005950300    0.0037631300
   0.0001340700    0.0005950300    0.0037631300
   0.0000000000    0.0061156700    0.0105552200
  -0.0001340700   -0.0005950300    0.0037631300
   0.0001340700   -0.0005950300    0.0037631300
   0.0000000000    0.0000000000    0.0024355600
   0.0000107900    0.0000000000    0.0024449700
  -0.0000107900    0.0000000000    0.0024449700
   0.0000000000    0.0000215900    0.0024496800
   0.0000086700    0.0000105600    0.0024318700
  -0.0000086700    0.0000105600    0.0024318700
   0.0000000000   -0.0000215900    0.0024496800
   0.0000086700   -0.0000105600    0.0024318700
  -0.0000086700   -0.0000105600    0.0024318700
  -0.0008396200    0.0023399200    0.0086487800
   0.0008396200    0.0023399200    0.0086487800
   0.0000000000    0.0005168200    0.0038329200
   0.0018469100    0.0000000000    0.0038307900
  -0.0018469100    0.0000000000    0.0038307900
   0.0000000000    0.0000000000    0.0042099700
  -0.0008396200   -0.0023399200    0.0086487800
   0.0008396200   -0.0023399200    0.0086487800
   0.0000000000   -0.0005168200    0.0038329200
  -0.0000157300    0.0000170000    0.0024412800
   0.0000157300    0.0000170000    0.0024412800
   0.0000000000    0.0000155300    0.0024473400
  -0.0000114500    0.0000000000    0.0024469000
   0.0000114500    0.0000000000    0.0024469000
   0.0000000000    0.0000000000    0.0024260200
  -0.0000157300   -0.0000170000    0.0024412800
   0.0000157300   -0.0000170000    0.0024412800
   0.0000000000   -0.0000155300    0.0024473400
   0.0000000000    0.0000000000   -0.0039374200
  -0.0001525100    0.0000000000   -0.0038354000
   0.0001525100    0.0000000000   -0.0038354000
   0.0000000000   -0.0000938900   -0.0038624400
  -0.0000408200   -0.0000034500   -0.0038917700
   0.0000408200   -0.0000034500   -0.0038917700
   0.0000000000    0.0000938900   -0.0038624400
  -0.0000408200    0.0000034500   -0.0038917700
   0.0000408200    0.0000034500   -0.0038917700
   0.0000000000    0.0000000000   -0.0235571700
   0.0053550400    0.0000000000   -0.0076656500
  -0.0053550400    0.0000000000   -0.0076656500
   0.0000000000    0.0019379500   -0.0011196400
  -0.0000564500    0.0008070300   -0.0023233200
   0.0000564500    0.0008070300   -0.0023233200
   0.0000000000   -0.0019379500   -0.0011196400
  -0.0000564500   -0.0008070300   -0.0023233200
   0.0000564500   -0.0008070300   -0.0023233200
   0.0001780700   -0.0000652000   -0.0038752600
  -0.0001780700   -0.0000652000   -0.0038752600
   0.0000000000    0.0000444000   -0.0038350100
   0.0000988700    0.0000000000   -0.0038370800
  -0.0000988700    0.0000000000   -0.0038370800
   0.0000000000    0.0000000000   -0.0039398200
   0.0001780700    0.0000652000   -0.0038752600
  -0.0001780700    0.0000652000   -0.0038752600
   0.0000000000   -0.0000444000   -0.0038350100
  -0.0010655100    0.0024307800   -0.0038125900
   0.0010655100    0.0024307800   -0.0038125900
   0.0000000000    0.0008855000   -0.0024678100
  -0.0001124500    0.0000000000   -0.0024672800
   0.0001124500    0.0000000000   -0.0024672800
   0.0000000000    0.0000000000   -0.0028180500
  -0.0010655100   -0.0024307800   -0.0038125900
   0.0010655100   -0.0024307800   -0.0038125900
   0.0000000000   -0.0008855000   -0.0024678100
   0.0000000000   -0.0173451300   -0.0405021300
   0.0003104600   -0.0007725000   -0.0100590700
  -0.0003104600   -0.0007725000   -0.0100590700
   0.0000000000    0.0000000000   -0.0073993300
   0.0010680100    0.0000000000   -0.0095216300
  -0.0010680100    0.0000000000   -0.0095216300
   0.0000000000    0.0173451300   -0.0405021300
   0.0003104600    0.0007725000   -0.0100590700
  -0.0003104600    0.0007725000   -0.0100590700
   0.0000000000   -0.0001100000   -0.0078705800
  -0.0000602600   -0.0001255200   -0.0079216500
   0.0000602600   -0.0001255200   -0.0079216500
   0.0000000000    0.0000000000   -0.0079558400
  -0.0000886400    0.0000000000   -0.0079556400
   0.0000886400    0.0000000000   -0.0079556400
   0.0000000000    0.0001100000   -0.0078705800
  -0.0000602600    0.0001255200   -0.0079216500
   0.0000602600    0.0001255200   -0.0079216500
   0.0000000000    0.0002450700    0.0099556400
   0.0006929800    0.0001483700    0.0093986300
  -0.0006929800    0.0001483700    0.0093986300
   0.0000000000    0.0000000000    0.0095865300
   0.0005862300    0.0000000000    0.0095058500
  -0.0005862300    0.0000000000    0.0095058500
   0.0000000000   -0.0002450700    0.0099556400
   0.0006929800   -0.0001483700    0.0093986300
  -0.0006929800   -0.0001483700    0.0093986300
   0.0000000000   -0.0060155500    0.0105129000
  -0.0009035300   -0.0020680200    0.0095711600
   0.0009035300   -0.0020680200    0.0095711600
   0.0000000000    0.0000000000    0.0086904000
   0.0000517300    0.0000000000    0.0087201600
  -0.0000517300    0.0000000000    0.0087201600
   0.0000000000    0.0060155500    0.0105129000
  -0.0009035300    0.0020680200    0.0095711600
   0.0009035300    0.0020680200    0.0095711600
   0.0003852700    0.0000000000   -0.0092703400
  -0.0003852700    0.0000000000   -0.0092703400
   0.0000000000    0.0000000000   -0.0026445900
  -0.0012921200   -0.0017170800   -0.0035054000
   0.0012921200   -0.0017170800   -0.0035054000
   0.0000000000   -0.0005985400   -0.0017308500
  -0.0012921200    0.0017170800   -0.0035054000
   0.0012921200    0.0017170800   -0.0035054000
   0.0000000000    0.0005985400   -0.0017308500
  -0.0000236100    0.0000000000    0.0017592000
   0.0000236100    0.0000000000    0.0017592000
   0.0000000000    0.0000000000    0.0016350800
   0.0000192900    0.0000171600    0.0016990600
  -0.0000192900    0.0000171600    0.0016990600
   0.0000000000   -0.0000297400    0.0016888800
   0.0000192900   -0.0000171600    0.0016990600
  -0.0000192900   -0.0000171600    0.0016990600
   0.0000000000    0.0000297400    0.0016888800
   0.0011248200    0.0000000000   -0.0015918700
  -0.0011248200    0.0000000000   -0.0015918700
   0.0000000000    0.0000000000    0.0004696800
   0.0010834100   -0.0007583600   -0.0010251400
  -0.0010834100   -0.0007583600   -0.0010251400
   0.0000000000    0.0001694400    0.0003033200
   0.0010834100    0.0007583600   -0.0010251400
  -0.0010834100    0.0007583600   -0.0010251400
   0.0000000000   -0.0001694400    0.0003033200
  -0.0001133900    0.0000000000   -0.0005929900
   0.0001133900    0.0000000000   -0.0005929900
   0.0000000000    0.0000000000   -0.0005963500
  -0.0001433400    0.0002845200   -0.0005138000
   0.0001433400    0.0002845200   -0.0005138000
   0.0000000000    0.0001693400   -0.0003412800
  -0.0001433400   -0.0002845200   -0.0005138000
   0.0001433400   -0.0002845200   -0.0005138000
   0.0000000000   -0.0001693400   -0.0003412800

73   
  0.0100000000000000   0.0000000000000000   0.0000000000000000
   0.0129251200    0.0000526200    0.0032013700
  -0.0048383600    0.0062092000    0.0034586900
  -0.0048272800   -0.0062038800    0.0028615100
   0.0129251200   -0.0000526200    0.0032013700
  -0.0048383600   -0.0062092000    0.0034586900
  -0.0048272800    0.0062038800    0.0028615100
   0.0009031400    0.0000000000    0.0031436800
  -0.0004163300    0.0000000000    0.0042242900
  -0.0004223900    0.0000000000    0.0020865200
   0.0001344200    0.0000001500    0.0031539400
  -0.0000711100   -0.0000084300    0.0030941600
  -0.0000707700    0.0000085900    0.0032139500
   0.0001344200   -0.0000001500    0.0031539400
  -0.0000711100    0.0000084300    0.0030941600
  -0.0000707700   -0.0000085900    0.0032139500
   0.0001454700    0.0000000000    0.0031539300
  -0.0000734500    0.0000000000    0.0030663900
  -0.0000721600    0.0000000000    0.0032424300
   0.0225011900    0.0000000000    0.0201709800
   0.0249050000    0.0000000000   -0.0153640600
  -0.0103699300    0.0000000000    0.0031752600
   0.0022296600    0.0011894900    0.0039239000
   0.0022664100   -0.0011871600    0.0023859400
  -0.0036034400   -0.0000031900    0.0031521100
   0.0022296600   -0.0011894900    0.0039239000
   0.0022664100    0.0011871600    0.0023859400
  -0.0036034400    0.0000031900    0.0031521100
   0.0000247300    0.0000000000    0.0032625800
   0.0000246400    0.0000000000    0.0030453000
  -0.0000512200    0.0000000000    0.0031553100
   0.0000296200   -0.0000124000    0.0032794200
   0.0000296400    0.0000124500    0.0030289500
  -0.0000531200    0.0000000400    0.0031546100
   0.0000296200    0.0000124000    0.0032794200
   0.0000296400   -0.0000124500    0.0030289500
  -0.0000531200   -0.0000000400    0.0031546100
   0.0006860500    0.0000003400   -0.0031558500
  -0.0004151800    0.0002149600   -0.0038491900
  -0.0004144000   -0.0002123100   -0.0024594700
   0.0006860500   -0.0000003400   -0.0031558500
  -0.0004151800   -0.0002149600   -0.0038491900
  -0.0004144000    0.0002123100   -0.0024594700
   0.0001140900    0.0000000000   -0.0031567700
  -0.0000290500    0.0000000000   -0.0037395600
  -0.0000274400    0.0000000000   -0.0025679200
   0.0027549800    0.0000016500   -0.0031597500
  -0.0012837400    0.0003565100   -0.0022530200
  -0.0012895000   -0.0003562400   -0.0040543500
   0.0027549800   -0.0000016500   -0.0031597500
  -0.0012837400   -0.0003565100   -0.0022530200
  -0.0012895000    0.0003562400   -0.0040543500
   0.0009077000    0.0000000000   -0.0031572100
  -0.0004445600    0.0000000000   -0.0032073900
  -0.0004465500    0.0000000000   -0.0031030400
   0.0008430600    0.0000000000   -0.0029066500
   0.0008412900    0.0000000000   -0.0034042200
  -0.0017853400    0.0000000000   -0.0031547600
   0.0007204700    0.0003875600   -0.0030007500
   0.0007153600   -0.0003876900   -0.0033072600
  -0.0017179100   -0.0000008100   -0.0031535800
   0.0007204700   -0.0003875600   -0.0030007500
   0.0007153600    0.0003876900   -0.0033072600
  -0.0017179100    0.0000008100   -0.0031535800
   0.0009775700    0.0000000000   -0.0091415200
   0.0009703700    0.0000000000    0.0028525400
  -0.0013875200    0.0000000000   -0.0031511200
   0.0004112800    0.0019461000   -0.0052172000
   0.0004149500   -0.0019574600   -0.0010868300
  -0.0008436700   -0.0000018600   -0.0031527500
   0.0004112800   -0.0019461000   -0.0052172000
   0.0004149500    0.0019574600   -0.0010868300
  -0.0008436700    0.0000018600   -0.0031527500
  -0.1183620400    0.0000000000   -0.0072742300
   0.0325134400    0.0000000000   -0.0029254600
   0.0322710600    0.0000000000   -0.0145879900
  -0.0043293300   -0.0000452700   -0.0087663400
   0.0019861100    0.0038352000   -0.0085197800
   0.0019966200   -0.0038156800   -0.0089703800
  -0.0043293300    0.0000452700   -0.0087663400
   0.0019861100   -0.0038352000   -0.0085197800
   0.0019966200    0.0038156800   -0.0089703800
  -0.0002142100    0.0000000000   -0.0087449400
   0.0001115000    0.0000000000   -0.0087703700
   0.0001103900    0.0000000000   -0.0087199600
  -0.0002440400    0.0000001000   -0.0087447800
   0.0001204100   -0.0000156900   -0.0087433900
   0.0001216800    0.0000159000   -0.0087468000
  -0.0002440400   -0.0000001000   -0.0087447800
   0.0001204100    0.0000156900   -0.0087433900
   0.0001216800   -0.0000159000   -0.0087468000
  -0.0038715100    0.0000000000    0.0087441200
   0.0020338100    0.0000000000    0.0107030600
   0.0020343900    0.0000000000    0.0067909100
  -0.0031934200    0.0000040100    0.0087461900
   0.0017996900    0.0008615200    0.0100327000
   0.0018004800   -0.0008597400    0.0074524500
  -0.0031934200   -0.0000040100    0.0087461900
   0.0017996900   -0.0008615200    0.0100327000
   0.0018004800    0.0008597400    0.0074524500
  -0.0047359100    0.0000000000    0.0087440100
   0.0022934500    0.0000000000    0.0076799200
   0.0022919300    0.0000000000    0.0098094100
  -0.0017932400   -0.0000005600    0.0087463300
   0.0008928500    0.0005219700    0.0083004600
   0.0008935100   -0.0005213400    0.0091879700
  -0.0017932400    0.0000005600    0.0087463300
   0.0008928500   -0.0005219700    0.0083004600
   0.0008935100    0.0005213400    0.0091879700
  -0.0003970900    0.0155768300    0.0136672300
  -0.0004368000   -0.0156516600   -0.0137222800
   0.0047187600   -0.0000085500   -0.0000082200
  -0.0003970900   -0.0155768300    0.0136672300
  -0.0004368000    0.0156516600   -0.0137222800
   0.0047187600    0.0000085500   -0.0000082200
  -0.0005942600    0.0000000000    0.0002134600
  -0.0006035800    0.0000000000   -0.0001981000
   0.0012178100    0.0000000000    0.0000009500
  -0.0002597100    0.0000269200   -0.0005005500
  -0.0002580000   -0.0000267400    0.0005029600
   0.0005080000   -0.0000006000   -0.0000000300
  -0.0002597100   -0.0000269200   -0.0005005500
  -0.0002580000    0.0000267400    0.0005029600
   0.0005080000    0.0000006000   -0.0000000300
  -0.0002470800    0.0000000000   -0.0003105900
  -0.0002430900    0.0000000000    0.0003119100
   0.0004830800    0.0000000000   -0.0000010300
   0.0010556200   -0.0000188900    0.0009993300
   0.0010993600   -0.0000147100   -0.0009658100
  -0.0020733700    0.0000050000   -0.0000046500
   0.0010556200    0.0000188900    0.0009993300
   0.0010993600    0.0000147100   -0.0009658100
  -0.0020733700   -0.0000050000   -0.0000046500
   0.0003452000    0.0000000000    0.0002623300
   0.0003508900    0.0000000000   -0.0002534800
  -0.0006264900    0.0000000000    0.0000008000
   0.0001365500    0.0000002100   -0.0000455100
   0.0001373800   -0.0000001900    0.0000447100
  -0.0002641400    0.0000002800    0.0000001200
   0.0001365500   -0.0000002100   -0.0000455100
   0.0001373800    0.0000001900    0.0000447100
  -0.0002641400   -0.0000002800    0.0000001200
   0.0000927900    0.0000000000   -0.0001123300
   0.0000934800    0.0000000000    0.0001118000
  -0.0001921700    0.0000000000   -0.0000001000

73   
  0.0000000000000000   0.0000000000000000   0.0100000000000000
   0.0000000000    0.0192725700    0.0348200400
   0.0017860900   -0.0020086300    0.0044848900
  -0.0017860900   -0.0020086300    0.0044848900
   0.0000000000   -0.0192725700    0.0348200400
   0.0017860900    0.0020086300    0.0044848900
  -0.0017860900    0.0020086300    0.0044848900
   0.0000000000    0.0000000000    0.0018081100
   0.0006023000    0.0000000000    0.0039328300
  -0.0006023000    0.0000000000    0.0039328300
   0.0000000000   -0.0000041400    0.0022776500
  -0.0000338300    0.0000086000    0.0023286900
   0.0000338300    0.0000086000    0.0023286900
   0.0000000000    0.0000041400    0.0022776500
  -0.0000338300   -0.0000086000    0.0023286900
   0.0000338300   -0.0000086000    0.0023286900
   0.0000000000    0.0000000000    0.0023643000
  -0.0000152400    0.0000000000    0.0023625000
   0.0000152400    0.0000000000    0.0023625000
   0.0192725700    0.0000000000    0.0348200400
  -0.0192725700    0.0000000000    0.0348200400
   0.0000000000    0.0000000000    0.0018081100
  -0.0020086300    0.0017860900    0.0044848900
   0.0020086300    0.0017860900    0.0044848900
   0.0000000000    0.0006023000    0.0039328300
  -0.0020086300   -0.0017860900    0.0044848900
   0.0020086300   -0.0017860900    0.0044848900
   0.0000000000   -0.0006023000    0.0039328300
  -0.0000041400    0.0000000000    0.0022776500
   0.0000041400    0.0000000000    0.0022776500
   0.0000000000    0.0000000000    0.0023643000
   0.0000086000   -0.0000338300    0.0023286900
  -0.0000086000   -0.0000338300    0.0023286900
   0.0000000000   -0.0000152400    0.0023625000
   0.0000086000    0.0000338300    0.0023286900
  -0.0000086000    0.0000338300    0.0023286900
   0.0000000000    0.0000152400    0.0023625000
   0.0000000000    0.0011117400   -0.0043710600
  -0.0003595700    0.0004137200   -0.0038097800
   0.0003595700    0.0004137200   -0.0038097800
   0.0000000000   -0.0011117400   -0.0043710600
  -0.0003595700   -0.0004137200   -0.0038097800
   0.0003595700   -0.0004137200   -0.0038097800
   0.0000000000    0.0000000000   -0.0039949200
   0.0001471900    0.0000000000   -0.0039149800
  -0.0001471900    0.0000000000   -0.0039149800
   0.0000000000   -0.0016256000   -0.0049297100
   0.0009166500   -0.0002973400   -0.0039871400
  -0.0009166500   -0.0002973400   -0.0039871400
   0.0000000000    0.0016256000   -0.0049297100
   0.0009166500    0.0002973400   -0.0039871400
  -0.0009166500    0.0002973400   -0.0039871400
   0.0000000000    0.0000000000   -0.0031027500
   0.0002788700    0.0000000000   -0.0031314100
  -0.0002788700    0.0000000000   -0.0031314100
   0.0011117400    0.0000000000   -0.0043710600
  -0.0011117400    0.0000000000   -0.0043710600
   0.0000000000    0.0000000000   -0.0039949200
   0.0004137200   -0.0003595700   -0.0038097800
  -0.0004137200   -0.0003595700   -0.0038097800
   0.0000000000    0.0001471900   -0.0039149800
   0.0004137200    0.0003595700   -0.0038097800
  -0.0004137200    0.0003595700   -0.0038097800
   0.0000000000   -0.0001471900   -0.0039149800
  -0.0016256000    0.0000000000   -0.0049297100
   0.0016256000    0.0000000000   -0.0049297100
   0.0000000000    0.0000000000   -0.0031027500
  -0.0002973400    0.0009166500   -0.0039871400
   0.0002973400    0.0009166500   -0.0039871400
   0.0000000000    0.0002788700   -0.0031314100
  -0.0002973400   -0.0009166500   -0.0039871400
   0.0002973400   -0.0009166500   -0.0039871400
   0.0000000000   -0.0002788700   -0.0031314100
   0.0000000000    0.0000000000   -0.1472058400
  -0.0058733300    0.0000000000   -0.0146764100
   0.0058733300    0.0000000000   -0.0146764100
   0.0000000000   -0.0058733300   -0.0146764100
  -0.0002275700   -0.0002275700   -0.0116625500
   0.0002275700   -0.0002275700   -0.0116625500
   0.0000000000    0.0058733300   -0.0146764100
  -0.0002275700    0.0002275700   -0.0116625500
   0.0002275700    0.0002275700   -0.0116625500
   0.0000000000    0.0000000000   -0.0078083700
   0.0000254400    0.0000000000   -0.0077780300
  -0.0000254400    0.0000000000   -0.0077780300
   0.0000000000    0.0000254400   -0.0077780300
  -0.0000018900   -0.0000018900   -0.0078072500
   0.0000018900   -0.0000018900   -0.0078072500
   0.0000000000   -0.0000254400   -0.0077780300
  -0.0000018900    0.0000018900   -0.0078072500
   0.0000018900    0.0000018900   -0.0078072500
   0.0000000000    0.0000000000    0.0138391700
   0.0019655000    0.0000000000    0.0094674700
  -0.0019655000    0.0000000000    0.0094674700
   0.0000000000    0.0019655000    0.0094674700
   0.0012957400    0.0012957400    0.0091772700
  -0.0012957400    0.0012957400    0.0091772700
   0.0000000000   -0.0019655000    0.0094674700
   0.0012957400   -0.0012957400    0.0091772700
  -0.0012957400   -0.0012957400    0.0091772700
   0.0000000000    0.0000000000    0.0125735000
  -0.0010641000    0.0000000000    0.0097961500
   0.0010641000    0.0000000000    0.0097961500
   0.0000000000   -0.0010641000    0.0097961500
  -0.0004453700   -0.0004453700    0.0094925700
   0.0004453700   -0.0004453700    0.0094925700
   0.0000000000    0.0010641000    0.0097961500
  -0.0004453700    0.0004453700    0.0094925700
   0.0004453700    0.0004453700    0.0094925700
   0.0079494400    0.0079494400    0.0077780800
  -0.0079494400    0.0079494400    0.0077780800
   0.0000000000    0.0006934700   -0.0000531900
   0.0079494400   -0.0079494400    0.0077780800
  -0.0079494400   -0.0079494400    0.0077780800
   0.0000000000   -0.0006934700   -0.0000531900
   0.0006934700    0.0000000000   -0.0000531900
  -0.0006934700    0.0000000000   -0.0000531900
   0.0000000000    0.0000000000   -0.0007509100
  -0.0002071700   -0.0002071700    0.0021874100
   0.0002071700   -0.0002071700    0.0021874100
   0.0000000000    0.0000116700    0.0017846000
  -0.0002071700    0.0002071700    0.0021874100
   0.0002071700    0.0002071700    0.0021874100
   0.0000000000   -0.0000116700    0.0017846000
   0.0000116700    0.0000000000    0.0017846000
  -0.0000116700    0.0000000000    0.0017846000
   0.0000000000    0.0000000000    0.0018327100
   0.0004887300    0.0004887300    0.0000173200
  -0.0004887300    0.0004887300    0.0000173200
   0.0000000000   -0.0006610600    0.0016288700
   0.0004887300   -0.0004887300    0.0000173200
  -0.0004887300   -0.0004887300    0.0000173200
   0.0000000000    0.0006610600    0.0016288700
  -0.0006610600    0.0000000000    0.0016288700
   0.0006610600    0.0000000000    0.0016288700
   0.0000000000    0.0000000000    0.0009292900
  -0.0000452900   -0.0000452900   -0.0006041900
   0.0000452900   -0.0000452900   -0.0006041900
   0.0000000000   -0.0000841600   -0.0005938100
  -0.0000452900    0.0000452900   -0.0006041900
   0.0000452900    0.0000452900   -0.0006041900
   0.0000000000    0.0000841600   -0.0005938100
  -0.0000841600    0.0000000000   -0.0005938100
   0.0000841600    0.0000000000   -0.0005938100
   0.0000000000    0.0000000000   -0.0004929300

73   
  0.0000000000000000   0.0000000000000000  -0.0100000000000000
   0.0000000000   -0.0203908800   -0.0289837000
  -0.0017698200    0.0019657400    0.0018440200
   0.0017698200    0.0019657400    0.0018440200
   0.0000000000    0.0203908800   -0.0289837000
  -0.0017698200   -0.0019657400    0.0018440200
   0.0017698200   -0.0019657400    0.0018440200
   0.0000000000    0.0000000000    0.0045188000
  -0.0005968200    0.0000000000    0.0023812500
   0.0005968200    0.0000000000    0.0023812500
   0.0000000000    0.0000040600    0.0040216400
   0.0000330800   -0.0000084800    0.0039723900
  -0.0000330800   -0.0000084800    0.0039723900
   0.0000000000   -0.0000040600    0.0040216400
   0.0000330800    0.0000084800    0.0039723900
  -0.0000330800    0.0000084800    0.0039723900
   0.0000000000    0.0000000000    0.0039370900
   0.0000149600    0.0000000000    0.0039377700
  -0.0000149600    0.0000000000    0.0039377700
  -0.0203908800    0.0000000000   -0.0289837000
   0.0203908800    0.0000000000   -0.0289837000
   0.0000000000    0.0000000000    0.0045188000
   0.0019657400   -0.0017698200    0.0018440200
  -0.0019657400   -0.0017698200    0.0018440200
   0.0000000000   -0.0005968200    0.0023812500
   0.0019657400    0.0017698200    0.0018440200
  -0.0019657400    0.0017698200    0.0018440200
   0.0000000000    0.0005968200    0.0023812500
   0.0000040600    0.0000000000    0.0040216400
  -0.0000040600    0.0000000000    0.0040216400
   0.0000000000    0.0000000000    0.0039370900
  -0.0000084800    0.0000330800    0.0039723900
   0.0000084800    0.0000330800    0.0039723900
   0.0000000000    0.0000149600    0.0039377700
  -0.0000084800   -0.0000330800    0.0039723900
   0.0000084800   -0.0000330800    0.0039723900
   0.0000000000   -0.0000149600    0.0039377700
   0.0000000000   -0.0010963900   -0.0019499200
   0.0003565100   -0.0004100800   -0.0025029800
  -0.0003565100   -0.0004100800   -0.0025029800
   0.0000000000    0.0010963900   -0.0019499200
   0.0003565100    0.0004100800   -0.0025029800
  -0.0003565100    0.0004100800   -0.0025029800
   0.0000000000    0.0000000000   -0.0023203100
  -0.0001465800    0.0000000000   -0.0023997400
   0.0001465800    0.0000000000   -0.0023997400
   0.0000000000    0.0016506200   -0.0013886100
  -0.0009103000    0.0002952900   -0.0023329000
   0.0009103000    0.0002952900   -0.0023329000
   0.0000000000   -0.0016506200   -0.0013886100
  -0.0009103000   -0.0002952900   -0.0023329000
   0.0009103000   -0.0002952900   -0.0023329000
   0.0000000000    0.0000000000   -0.0032117400
  -0.0002767100    0.0000000000   -0.0031796200
   0.0002767100    0.0000000000   -0.0031796200
  -0.0010963900    0.0000000000   -0.0019499200
   0.0010963900    0.0000000000   -0.0019499200
   0.0000000000    0.0000000000   -0.0023203100
  -0.0004100800    0.0003565100   -0.0025029800
   0.0004100800    0.0003565100   -0.0025029800
   0.0000000000   -0.0001465800   -0.0023997400
  -0.0004100800   -0.0003565100   -0.0025029800
   0.0004100800   -0.0003565100   -0.0025029800
   0.0000000000    0.0001465800   -0.0023997400
   0.0016506200    0.0000000000   -0.0013886100
  -0.0016506200    0.0000000000   -0.0013886100
   0.0000000000    0.0000000000   -0.0032117400
   0.0002952900   -0.0009103000   -0.0023329000
  -0.0002952900   -0.0009103000   -0.0023329000
   0.0000000000   -0.0002767100   -0.0031796200
   0.0002952900    0.0009103000   -0.0023329000
  -0.0002952900    0.0009103000   -0.0023329000
   0.0000000000    0.0002767100   -0.0031796200
   0.0000000000    0.0000000000    0.1318107200
   0.0057885700    0.0000000000   -0.0029296400
  -0.0057885700    0.0000000000   -0.0029296400
   0.0000000000    0.0057885700   -0.0029296400
   0.0002222900    0.0002222900   -0.0058614900
  -0.0002222900    0.0002222900   -0.0058614900
   0.0000000000   -0.0057885700   -0.0029296400
   0.0002222900   -0.0002222900   -0.0058614900
  -0.0002222900   -0.0002222900   -0.0058614900
   0.0000000000    0.0000000000   -0.0096743600
  -0.0000251400    0.0000000000   -0.0097051500
   0.0000251400    0.0000000000   -0.0097051500
   0.0000000000   -0.0000251400   -0.0097051500
   0.0000016700    0.0000016700   -0.0096760700
  -0.0000016700    0.0000016700   -0.0096760700
   0.0000000000    0.0000251400   -0.0097051500
   0.0000016700   -0.0000016700   -0.0096760700
  -0.0000016700   -0.0000016700   -0.0096760700
   0.0000000000    0.0000000000    0.0037180400
  -0.0019470100    0.0000000000    0.0080291900
   0.0019470100    0.0000000000    0.0080291900
   0.0000000000   -0.0019470100    0.0080291900
  -0.0012850400   -0.0012850400    0.0083159400
   0.0012850400   -0.0012850400    0.0083159400
   0.0000000000    0.0019470100    0.0080291900
  -0.0012850400    0.0012850400    0.0083159400
   0.0012850400    0.0012850400    0.0083159400
   0.0000000000    0.0000000000    0.0048966200
   0.0010653100    0.0000000000    0.0077091900
  -0.0010653100    0.0000000000    0.0077091900
   0.0000000000    0.0010653100    0.0077091900
   0.0004413000    0.0004413000    0.0080066600
  -0.0004413000    0.0004413000    0.0080066600
   0.0000000000   -0.0010653100    0.0077091900
   0.0004413000   -0.0004413000    0.0080066600
  -0.0004413000   -0.0004413000    0.0080066600
  -0.0079879100   -0.0079879100   -0.0077417200
   0.0079879100   -0.0079879100   -0.0077417200
   0.0000000000   -0.0006895500    0.0000607200
  -0.0079879100    0.0079879100   -0.0077417200
   0.0079879100    0.0079879100   -0.0077417200
   0.0000000000    0.0006895500    0.0000607200
  -0.0006895500    0.0000000000    0.0000607200
   0.0006895500    0.0000000000    0.0000607200
   0.0000000000    0.0000000000    0.0007517400
   0.0002041400    0.0002041400   -0.0021676100
  -0.0002041400    0.0002041400   -0.0021676100
   0.0000000000   -0.0000109800   -0.0017696100
   0.0002041400   -0.0002041400   -0.0021676100
  -0.0002041400   -0.0002041400   -0.0021676100
   0.0000000000    0.0000109800   -0.0017696100
  -0.0000109800    0.0000000000   -0.0017696100
   0.0000109800    0.0000000000   -0.0017696100
   0.0000000000    0.0000000000   -0.0018172300
  -0.0004831600   -0.0004831600   -0.0000169400
   0.0004831600   -0.0004831600   -0.0000169400
   0.0000000000    0.0006619900   -0.0016173300
  -0.0004831600    0.0004831600   -0.0000169400
   0.0004831600    0.0004831600   -0.0000169400
   0.0000000000   -0.0006619900   -0.0016173300
   0.0006619900    0.0000000000   -0.0016173300
  -0.0006619900    0.0000000000   -0.0016173300
   0.0000000000    0.0000000000   -0.0009142700
   0.0000449300    0.0000449300    0.0005983100
  -0.0000449300    0.0000449300    0.0005983100
   0.0000000000    0.0000847400    0.0005888300
   0.0000449300   -0.0000449300    0.0005983100
  -0.0000449300   -0.0000449300    0.0005983100
   0.0000000000   -0.0000847400    0.0005888300
   0.0000847400    0.0000000000    0.0005888300
  -0.0000847400    0.0000000000    0.0005888300
   0.0000000000    0.0000000000    0.0004873900

109  
  0.0100000000000000   0.0000000000000000   0.0000000000000000
   0.0137952700    0.0000000000    0.0028364700
  -0.0041222800    0.0000000000    0.0031462200
   0.0128069400    0.0000000000    0.0041352100
   0.0007127900   -0.0017318600    0.0044541000
  -0.0013991100   -0.0000016800    0.0031542500
   0.0007013000    0.0017358400    0.0018587700
   0.0007127900    0.0017318600    0.0044541000
  -0.0013991100    0.0000016800    0.0031542500
   0.0007013000   -0.0017358400    0.0018587700
   0.0000529500    0.0000000000    0.0031770800
  -0.0001038100    0.0000000000    0.0031532800
   0.0000536900    0.0000000000    0.0031304700
   0.0000143400   -0.0000508100    0.0031342700
  -0.0000288300    0.0000007900    0.0031535200
   0.0000144400    0.0000514300    0.0031732100
   0.0000143400    0.0000508100    0.0031342700
  -0.0000288300   -0.0000007900    0.0031535200
   0.0000144400   -0.0000514300    0.0031732100
   0.0110489000   -0.0000415900    0.0031343400
  -0.0037510200   -0.0024193900    0.0014226300
  -0.0037494600    0.0024096600    0.0048652100
   0.0016783900    0.0000000000    0.0031595300
  -0.0008197900    0.0000000000    0.0025547400
  -0.0008241400    0.0000000000    0.0037515000
   0.0110489000    0.0000415900    0.0031343400
  -0.0037510200    0.0024193900    0.0014226300
  -0.0037494600   -0.0024096600    0.0048652100
   0.0001016600   -0.0000001600    0.0031536000
  -0.0000482700   -0.0000372800    0.0031715000
  -0.0000478800    0.0000375900    0.0031354800
   0.0000249000    0.0000000000    0.0031536800
  -0.0000067900    0.0000000000    0.0031251200
  -0.0000071500    0.0000000000    0.0031825000
   0.0001016600    0.0000001600    0.0031536000
  -0.0000482700    0.0000372800    0.0031715000
  -0.0000478800   -0.0000375900    0.0031354800
   0.0000529500    0.0000000000   -0.0031770800
  -0.0001038100    0.0000000000   -0.0031532800
   0.0000536900    0.0000000000   -0.0031304700
   0.0000143400   -0.0000508100   -0.0031342700
  -0.0000288300    0.0000007900   -0.0031535200
   0.0000144400    0.0000514300   -0.0031732100
   0.0000143400    0.0000508100   -0.0031342700
  -0.0000288300   -0.0000007900   -0.0031535200
   0.0000144400   -0.0000514300   -0.0031732100
   0.0137952700    0.0000000000   -0.0028364700
  -0.0041222800    0.0000000000   -0.0031462200
   0.0128069400    0.0000000000   -0.0041352100
   0.0007127900   -0.0017318600   -0.0044541000
  -0.0013991100   -0.0000016800   -0.0031542500
   0.0007013000    0.0017358400   -0.0018587700
   0.0007127900    0.0017318600   -0.0044541000
  -0.0013991100    0.0000016800   -0.0031542500
   0.0007013000   -0.0017358400   -0.0018587700
   0.0001016600   -0.0000001600   -0.0031536000
  -0.0000482700   -0.0000372800   -0.0031715000
  -0.0000478800    0.0000375900   -0.0031354800
   0.0000249000    0.0000000000   -0.0031536800
  -0.0000067900    0.0000000000   -0.0031251200
  -0.0000071500    0.0000000000   -0.0031825000
   0.0001016600    0.0000001600   -0.0031536000
  -0.0000482700    0.0000372800   -0.0031715000
  -0.0000478800   -0.0000375900   -0.0031354800
   0.0110489000   -0.0000415900   -0.0031343400
  -0.0037510200   -0.0024193900   -0.0014226300
  -0.0037494600    0.0024096600   -0.0048652100
   0.0016783900    0.0000000000   -0.0031595300
  -0.0008197900    0.0000000000   -0.0025547400
  -0.0008241400    0.0000000000   -0.0037515000
   0.0110489000    0.0000415900   -0.0031343400
  -0.0037510200    0.0024193900   -0.0014226300
  -0.0037494600   -0.0024096600   -0.0048652100
  -0.0004488800    0.0156580800   -0.0007485200
   0.0047171100    0.0000021700   -0.0087422900
  -0.0003839000   -0.0155719400   -0.0166869200
  -0.0006017300    0.0000000000   -0.0080550700
   0.0012156900    0.0000000000   -0.0087450200
  -0.0005949800    0.0000000000   -0.0094388600
  -0.0004488800   -0.0156580800   -0.0007485200
   0.0047171100   -0.0000021700   -0.0087422900
  -0.0003839000    0.0155719400   -0.0166869200
  -0.0002606300    0.0000251700   -0.0089506400
   0.0005092400   -0.0000009700   -0.0087443500
  -0.0002595900   -0.0000269000   -0.0085396000
  -0.0002450100    0.0000000000   -0.0087339600
   0.0004825700    0.0000000000   -0.0087457800
  -0.0002439500    0.0000000000   -0.0087565400
  -0.0002606300   -0.0000251700   -0.0089506400
   0.0005092400    0.0000009700   -0.0087443500
  -0.0002595900    0.0000269000   -0.0085396000
  -0.0002606300    0.0000251700    0.0089506400
   0.0005092400   -0.0000009700    0.0087443500
  -0.0002595900   -0.0000269000    0.0085396000
  -0.0002450100    0.0000000000    0.0087339600
   0.0004825700    0.0000000000    0.0087457800
  -0.0002439500    0.0000000000    0.0087565400
  -0.0002606300   -0.0000251700    0.0089506400
   0.0005092400    0.0000009700    0.0087443500
  -0.0002595900    0.0000269000    0.0085396000
  -0.0004488800    0.0156580800    0.0007485200
   0.0047171100    0.0000021700    0.0087422900
  -0.0003839000   -0.0155719400    0.0166869200
  -0.0006017300    0.0000000000    0.0080550700
   0.0012156900    0.0000000000    0.0087450200
  -0.0005949800    0.0000000000    0.0094388600
  -0.0004488800   -0.0156580800    0.0007485200
   0.0047171100   -0.0000021700    0.0087422900
  -0.0003839000    0.0155719400    0.0166869200
  -0.1127686700    0.0000000000    0.0000000000
   0.0195290100    0.0000000000    0.0000000000
   0.0193039000    0.0000000000    0.0000000000
  -0.0041330400   -0.0000263600    0.0000000000
   0.0017802000    0.0018835300    0.0000000000
   0.0017808600   -0.0018731600    0.0000000000
  -0.0041330400    0.0000263600    0.0000000000
   0.0017802000   -0.0018835300    0.0000000000
   0.0017808600    0.0018731600    0.0000000000
  -0.0000196200    0.0000000000    0.0000000000
   0.0000136200    0.0000000000    0.0000000000
   0.0000138900    0.0000000000    0.0000000000
   0.0000707200   -0.0000005700    0.0000000000
  -0.0000332900    0.0000542500    0.0000000000
  -0.0000333500   -0.0000549700    0.0000000000
   0.0000707200    0.0000005700    0.0000000000
  -0.0000332900   -0.0000542500    0.0000000000
  -0.0000333500    0.0000549700    0.0000000000
   0.0007935000    0.0000000000   -0.0000011100
  -0.0003789300    0.0000000000   -0.0004089600
  -0.0003846900    0.0000000000    0.0004130600
   0.0009736300   -0.0000006600   -0.0000002000
  -0.0004677200   -0.0002666300   -0.0004744600
  -0.0004675300    0.0002651700    0.0004721400
   0.0009736300    0.0000006600   -0.0000002000
  -0.0004677200    0.0002666300   -0.0004744600
  -0.0004675300   -0.0002651700    0.0004721400
   0.0007935000    0.0000000000    0.0000011100
  -0.0003789300    0.0000000000    0.0004089600
  -0.0003846900    0.0000000000   -0.0004130600
   0.0009736300   -0.0000006600    0.0000002000
  -0.0004677200   -0.0002666300    0.0004744600
  -0.0004675300    0.0002651700   -0.0004721400
   0.0009736300    0.0000006600    0.0000002000
  -0.0004677200    0.0002666300    0.0004744600
  -0.0004675300   -0.0002651700   -0.0004721400

109  
  0.0000000000000000   0.0000000000000000   0.0100000000000000
   0.0025414600    0.0000000000    0.0124534400
   0.0000000000    0.0000000000    0.0057887100
  -0.0025414600    0.0000000000    0.0124534400
  -0.0013945400   -0.0039507700    0.0066449400
   0.0000000000   -0.0009614600    0.0048773800
   0.0013945400   -0.0039507700    0.0066449400
  -0.0013945400    0.0039507700    0.0066449400
   0.0000000000    0.0009614600    0.0048773800
   0.0013945400    0.0039507700    0.0066449400
   0.0001305700    0.0000000000    0.0013963100
   0.0000000000    0.0000000000    0.0015188400
  -0.0001305700    0.0000000000    0.0013963100
   0.0000222800    0.0001421400    0.0014579600
   0.0000000000    0.0000298000    0.0014677200
  -0.0000222800    0.0001421400    0.0014579600
   0.0000222800   -0.0001421400    0.0014579600
   0.0000000000   -0.0000298000    0.0014677200
  -0.0000222800   -0.0001421400    0.0014579600
   0.0000000000    0.0025414600    0.0124534400
  -0.0039507700   -0.0013945400    0.0066449400
   0.0039507700   -0.0013945400    0.0066449400
   0.0000000000    0.0000000000    0.0057887100
  -0.0009614600    0.0000000000    0.0048773800
   0.0009614600    0.0000000000    0.0048773800
   0.0000000000   -0.0025414600    0.0124534400
  -0.0039507700    0.0013945400    0.0066449400
   0.0039507700    0.0013945400    0.0066449400
   0.0000000000    0.0001305700    0.0013963100
   0.0001421400    0.0000222800    0.0014579600
  -0.0001421400    0.0000222800    0.0014579600
   0.0000000000    0.0000000000    0.0015188400
   0.0000298000    0.0000000000    0.0014677200
  -0.0000298000    0.0000000000    0.0014677200
   0.0000000000   -0.0001305700    0.0013963100
   0.0001421400   -0.0000222800    0.0014579600
  -0.0001421400   -0.0000222800    0.0014579600
  -0.0001333500    0.0000000000   -0.0049110400
   0.0000000000    0.0000000000   -0.0047855700
   0.0001333500    0.0000000000   -0.0049110400
  -0.0000226900   -0.0001445800   -0.0048491800
   0.0000000000   -0.0000298800   -0.0048387800
   0.0000226900   -0.0001445800   -0.0048491800
  -0.0000226900    0.0001445800   -0.0048491800
   0.0000000000    0.0000298800   -0.0048387800
   0.0000226900    0.0001445800   -0.0048491800
  -0.0020651900    0.0000000000    0.0057938900
   0.0000000000    0.0000000000   -0.0005143900
   0.0020651900    0.0000000000    0.0057938900
   0.0013991600    0.0039512900    0.0003419600
   0.0000000000    0.0009623000   -0.0014295100
  -0.0013991600    0.0039512900    0.0003419600
   0.0013991600   -0.0039512900    0.0003419600
   0.0000000000   -0.0009623000   -0.0014295100
  -0.0013991600   -0.0039512900    0.0003419600
   0.0000000000   -0.0001333500   -0.0049110400
  -0.0001445800   -0.0000226900   -0.0048491800
   0.0001445800   -0.0000226900   -0.0048491800
   0.0000000000    0.0000000000   -0.0047855700
  -0.0000298800    0.0000000000   -0.0048387800
   0.0000298800    0.0000000000   -0.0048387800
   0.0000000000    0.0001333500   -0.0049110400
  -0.0001445800    0.0000226900   -0.0048491800
   0.0001445800    0.0000226900   -0.0048491800
   0.0000000000   -0.0020651900    0.0057938900
   0.0039512900    0.0013991600    0.0003419600
  -0.0039512900    0.0013991600    0.0003419600
   0.0000000000    0.0000000000   -0.0005143900
   0.0009623000    0.0000000000   -0.0014295100
  -0.0009623000    0.0000000000   -0.0014295100
   0.0000000000    0.0020651900    0.0057938900
   0.0039512900   -0.0013991600    0.0003419600
  -0.0039512900   -0.0013991600    0.0003419600
   0.0137313300    0.0137313300   -0.0009664800
   0.0000000000    0.0002065400   -0.0088034300
  -0.0137313300    0.0137313300   -0.0009664800
   0.0002065400    0.0000000000   -0.0088034300
   0.0000000000    0.0000000000   -0.0094951700
  -0.0002065400    0.0000000000   -0.0088034300
   0.0137313300   -0.0137313300   -0.0009664800
   0.0000000000   -0.0002065400   -0.0088034300
  -0.0137313300   -0.0137313300   -0.0009664800
  -0.0004998600   -0.0004998600   -0.0065693900
   0.0000000000   -0.0003115100   -0.0069677600
   0.0004998600   -0.0004998600   -0.0065693900
  -0.0003115100    0.0000000000   -0.0069677600
   0.0000000000    0.0000000000   -0.0069206500
   0.0003115100    0.0000000000   -0.0069677600
  -0.0004998600    0.0004998600   -0.0065693900
   0.0000000000    0.0003115100   -0.0069677600
   0.0004998600    0.0004998600   -0.0065693900
   0.0005038500    0.0005038500    0.0109249800
   0.0000000000    0.0003099300    0.0105201500
  -0.0005038500    0.0005038500    0.0109249800
   0.0003099300    0.0000000000    0.0105201500
   0.0000000000    0.0000000000    0.0105686400
  -0.0003099300    0.0000000000    0.0105201500
   0.0005038500   -0.0005038500    0.0109249800
   0.0000000000   -0.0003099300    0.0105201500
  -0.0005038500   -0.0005038500    0.0109249800
  -0.0136580600   -0.0136580600    0.0164837100
   0.0000000000   -0.0002074800    0.0086904900
   0.0136580600   -0.0136580600    0.0164837100
  -0.0002074800    0.0000000000    0.0086904900
   0.0000000000    0.0000000000    0.0079979200
   0.0002074800    0.0000000000    0.0086904900
  -0.0136580600    0.0136580600    0.0164837100
   0.0000000000    0.0002074800    0.0086904900
   0.0136580600    0.0136580600    0.0164837100
   0.0000000000    0.0000000000   -0.1126151100
  -0.0000156700    0.0000000000   -0.0153967400
   0.0000156700    0.0000000000   -0.0153967400
   0.0000000000   -0.0000156700   -0.0153967400
  -0.0000011400   -0.0000011400   -0.0072264900
   0.0000011400   -0.0000011400   -0.0072264900
   0.0000000000    0.0000156700   -0.0153967400
  -0.0000011400    0.0000011400   -0.0072264900
   0.0000011400    0.0000011400   -0.0072264900
   0.0000000000    0.0000000000    0.0042891900
   0.0000008600    0.0000000000    0.0040407300
  -0.0000008600    0.0000000000    0.0040407300
   0.0000000000    0.0000008600    0.0040407300
   0.0000001100    0.0000001100    0.0040026500
  -0.0000001100    0.0000001100    0.0040026500
   0.0000000000   -0.0000008600    0.0040407300
   0.0000001100   -0.0000001100    0.0040026500
  -0.0000001100   -0.0000001100    0.0040026500
   0.0000000000    0.0000000000   -0.0020285000
  -0.0007112300    0.0000000000   -0.0012524100
   0.0007112300    0.0000000000   -0.0012524100
   0.0000000000   -0.0007112300   -0.0012524100
  -0.0005442800   -0.0005442800   -0.0008367000
   0.0005442800   -0.0005442800   -0.0008367000
   0.0000000000    0.0007112300   -0.0012524100
  -0.0005442800    0.0005442800   -0.0008367000
   0.0005442800    0.0005442800   -0.0008367000
   0.0000000000    0.0000000000   -0.0020122600
   0.0007126200    0.0000000000   -0.0012574800
  -0.0007126200    0.0000000000   -0.0012574800
   0.0000000000    0.0007126200   -0.0012574800
   0.0005430200    0.0005430200   -0.0008364000
  -0.0005430200    0.0005430200   -0.0008364000
   0.0000000000   -0.0007126200   -0.0012574800
   0.0005430200   -0.0005430200   -0.0008364000
  -0.0005430200   -0.0005430200   -0.0008364000

127  
  0.0100000000000000   0.0000000000000000   0.0000000000000000
   0.0004373400    0.0000000000    0.0020147500
   0.0006206300    0.0000000000    0.0031546600
   0.0004417200    0.0000000000    0.0042895700
  -0.0003445000    0.0019696100    0.0020713900
   0.0003693200    0.0000033600    0.0031544500
  -0.0003406400   -0.0019526600    0.0042311800
  -0.0003445000   -0.0019696100    0.0020713900
   0.0003693200   -0.0000033600    0.0031544500
  -0.0003406400    0.0019526600    0.0042311800
  -0.0001231100    0.0000000000    0.0032664900
   0.0003162700    0.0000000000    0.0031538100
  -0.0001213200    0.0000000000    0.0030408200
  -0.0001014000   -0.0000446000    0.0032969700
   0.0002026500   -0.0000000600    0.0031541100
  -0.0001003500    0.0000441900    0.0030120500
  -0.0001014000    0.0000446000    0.0032969700
   0.0002026500    0.0000000600    0.0031541100
  -0.0001003500   -0.0000441900    0.0030120500
  -0.0014394500   -0.0000075900    0.0031629000
   0.0022636200   -0.0001608000    0.0023967300
   0.0022583800    0.0001587500    0.0039075700
  -0.0011288000    0.0000000000    0.0031553600
   0.0005586300    0.0000000000    0.0033243700
   0.0005608300    0.0000000000    0.0029857500
  -0.0014394500    0.0000075900    0.0031629000
   0.0022636200    0.0001608000    0.0023967300
   0.0022583800   -0.0001587500    0.0039075700
  -0.0001271300   -0.0000004100    0.0031521800
   0.0000250900    0.0000419400    0.0034385700
   0.0000263100   -0.0000415900    0.0028715100
  -0.0001193000    0.0000000000    0.0031535900
   0.0000716800    0.0000000000    0.0033238000
   0.0000721700    0.0000000000    0.0029853800
  -0.0001271300    0.0000004100    0.0031521800
   0.0000250900   -0.0000419400    0.0034385700
   0.0000263100    0.0000415900    0.0028715100
   0.0004373400    0.0000000000   -0.0020147500
   0.0006206300    0.0000000000   -0.0031546600
   0.0004417200    0.0000000000   -0.0042895700
  -0.0003445000    0.0019696100   -0.0020713900
   0.0003693200    0.0000033600   -0.0031544500
  -0.0003406400   -0.0019526600   -0.0042311800
  -0.0003445000   -0.0019696100   -0.0020713900
   0.0003693200   -0.0000033600   -0.0031544500
  -0.0003406400    0.0019526600   -0.0042311800
  -0.0001231100    0.0000000000   -0.0032664900
   0.0003162700    0.0000000000   -0.0031538100
  -0.0001213200    0.0000000000   -0.0030408200
  -0.0001014000   -0.0000446000   -0.0032969700
   0.0002026500   -0.0000000600   -0.0031541100
  -0.0001003500    0.0000441900   -0.0030120500
  -0.0001014000    0.0000446000   -0.0032969700
   0.0002026500    0.0000000600   -0.0031541100
  -0.0001003500   -0.0000441900   -0.0030120500
  -0.0014394500   -0.0000075900   -0.0031629000
   0.0022636200   -0.0001608000   -0.0023967300
   0.0022583800    0.0001587500   -0.0039075700
  -0.0011288000    0.0000000000   -0.0031553600
   0.0005586300    0.0000000000   -0.0033243700
   0.0005608300    0.0000000000   -0.0029857500
  -0.0014394500    0.0000075900   -0.0031629000
   0.0022636200    0.0001608000   -0.0023967300
   0.0022583800   -0.0001587500   -0.0039075700
  -0.0001271300   -0.0000004100   -0.0031521800
   0.0000250900    0.0000419400   -0.0034385700
   0.0000263100   -0.0000415900   -0.0028715100
  -0.0001193000    0.0000000000   -0.0031535900
   0.0000716800    0.0000000000   -0.0033238000
   0.0000721700    0.0000000000   -0.0029853800
  -0.0001271300    0.0000004100   -0.0031521800
   0.0000250900   -0.0000419400   -0.0034385700
   0.0000263100    0.0000415900   -0.0028715100
   0.0011020100    0.0000205900   -0.0082839900
  -0.0020735600   -0.0000043500   -0.0087441700
   0.0010515900    0.0000247900   -0.0092546600
   0.0003534900    0.0000000000   -0.0094146600
  -0.0006265900    0.0000000000   -0.0087470100
   0.0003448800    0.0000000000   -0.0080913200
   0.0011020100   -0.0000205900   -0.0082839900
  -0.0020735600    0.0000043500   -0.0087441700
   0.0010515900   -0.0000247900   -0.0092546600
   0.0001368200   -0.0000002500   -0.0087906100
  -0.0002651000   -0.0000000600   -0.0087457700
   0.0001368300    0.0000009900   -0.0087002100
   0.0000931900    0.0000000000   -0.0088302800
  -0.0001905300    0.0000000000   -0.0087459500
   0.0000919300    0.0000000000   -0.0086616700
   0.0001368200    0.0000002500   -0.0087906100
  -0.0002651000    0.0000000600   -0.0087457700
   0.0001368300   -0.0000009900   -0.0087002100
   0.0011020100    0.0000205900    0.0082839900
  -0.0020735600   -0.0000043500    0.0087441700
   0.0010515900    0.0000247900    0.0092546600
   0.0003534900    0.0000000000    0.0094146600
  -0.0006265900    0.0000000000    0.0087470100
   0.0003448800    0.0000000000    0.0080913200
   0.0011020100   -0.0000205900    0.0082839900
  -0.0020735600    0.0000043500    0.0087441700
   0.0010515900   -0.0000247900    0.0092546600
   0.0001368200   -0.0000002500    0.0087906100
  -0.0002651000   -0.0000000600    0.0087457700
   0.0001368300    0.0000009900    0.0087002100
   0.0000931900    0.0000000000    0.0088302800
  -0.0001905300    0.0000000000    0.0087459500
   0.0000919300    0.0000000000    0.0086616700
   0.0001368200    0.0000002500    0.0087906100
  -0.0002651000    0.0000000600    0.0087457700
   0.0001368300   -0.0000009900    0.0087002100
   0.0007933800    0.0000000000   -0.0000067600
  -0.0003791900    0.0000000000    0.0007124000
  -0.0003823600    0.0000000000   -0.0007117600
   0.0009737500    0.0000027600   -0.0000012500
  -0.0004684000   -0.0002665400    0.0005446300
  -0.0004680300    0.0002651400   -0.0005427200
   0.0009737500   -0.0000027600   -0.0000012500
  -0.0004684000    0.0002665400    0.0005446300
  -0.0004680300   -0.0002651400   -0.0005427200
   0.0007933800    0.0000000000    0.0000067600
  -0.0003791900    0.0000000000   -0.0007124000
  -0.0003823600    0.0000000000    0.0007117600
   0.0009737500    0.0000027600    0.0000012500
  -0.0004684000   -0.0002665400   -0.0005446300
  -0.0004680300    0.0002651400    0.0005427200
   0.0009737500   -0.0000027600    0.0000012500
  -0.0004684000    0.0002665400   -0.0005446300
  -0.0004680300   -0.0002651400    0.0005427200
  -0.0274838500    0.0000000000    0.0000000000
   0.0064848200    0.0000000000    0.0000000000
   0.0063356700    0.0000000000    0.0000000000
  -0.0003714300   -0.0000161900    0.0000000000
   0.0001988300    0.0001234100    0.0000000000
   0.0002011100   -0.0001258500    0.0000000000
  -0.0003714300    0.0000161900    0.0000000000
   0.0001988300   -0.0001234100    0.0000000000
   0.0002011100    0.0001258500    0.0000000000
  -0.0001177900    0.0000000000    0.0000000000
   0.0000348200    0.0000000000    0.0000000000
   0.0000349400    0.0000000000    0.0000000000
  -0.0000481900   -0.0000000700    0.0000000000
   0.0000273400    0.0000043400    0.0000000000
   0.0000274900   -0.0000044200    0.0000000000
  -0.0000481900    0.0000000700    0.0000000000
   0.0000273400   -0.0000043400    0.0000000000
   0.0000274900    0.0000044200    0.0000000000

127  
  0.0000000000000000   0.0000000000000000   0.0100000000000000
  -0.0015246400    0.0000000000    0.0047502000
   0.0000000000    0.0000000000    0.0026860200
   0.0015246400    0.0000000000    0.0047502000
   0.0001202700   -0.0023207400    0.0041708600
   0.0000000000   -0.0005093500    0.0028500100
  -0.0001202700   -0.0023207400    0.0041708600
   0.0001202700    0.0023207400    0.0041708600
   0.0000000000    0.0005093500    0.0028500100
  -0.0001202700    0.0023207400    0.0041708600
   0.0000540700    0.0000000000    0.0037451300
   0.0000000000    0.0000000000    0.0037499100
  -0.0000540700    0.0000000000    0.0037451300
   0.0001121000   -0.0000058900    0.0036664300
   0.0000000000    0.0000709100    0.0034943300
  -0.0001121000   -0.0000058900    0.0036664300
   0.0001121000    0.0000058900    0.0036664300
   0.0000000000   -0.0000709100    0.0034943300
  -0.0001121000    0.0000058900    0.0036664300
   0.0000000000   -0.0015246400    0.0047502000
  -0.0023207400    0.0001202700    0.0041708600
   0.0023207400    0.0001202700    0.0041708600
   0.0000000000    0.0000000000    0.0026860200
  -0.0005093500    0.0000000000    0.0028500100
   0.0005093500    0.0000000000    0.0028500100
   0.0000000000    0.0015246400    0.0047502000
  -0.0023207400   -0.0001202700    0.0041708600
   0.0023207400   -0.0001202700    0.0041708600
   0.0000000000    0.0000540700    0.0037451300
  -0.0000058900    0.0001121000    0.0036664300
   0.0000058900    0.0001121000    0.0036664300
   0.0000000000    0.0000000000    0.0037499100
   0.0000709100    0.0000000000    0.0034943300
  -0.0000709100    0.0000000000    0.0034943300
   0.0000000000   -0.0000540700    0.0037451300
  -0.0000058900   -0.0001121000    0.0036664300
   0.0000058900   -0.0001121000    0.0036664300
   0.0015446800    0.0000000000   -0.0015305700
   0.0000000000    0.0000000000   -0.0036277000
  -0.0015446800    0.0000000000   -0.0015305700
  -0.0001235200    0.0023320800   -0.0021313600
   0.0000000000    0.0005074300   -0.0034596900
   0.0001235200    0.0023320800   -0.0021313600
  -0.0001235200   -0.0023320800   -0.0021313600
   0.0000000000   -0.0005074300   -0.0034596900
   0.0001235200   -0.0023320800   -0.0021313600
  -0.0000545100    0.0000000000   -0.0025613100
   0.0000000000    0.0000000000   -0.0025577900
   0.0000545100    0.0000000000   -0.0025613100
  -0.0001114100    0.0000056600   -0.0026412100
   0.0000000000   -0.0000706200   -0.0028127500
   0.0001114100    0.0000056600   -0.0026412100
  -0.0001114100   -0.0000056600   -0.0026412100
   0.0000000000    0.0000706200   -0.0028127500
   0.0001114100   -0.0000056600   -0.0026412100
   0.0000000000    0.0015446800   -0.0015305700
   0.0023320800   -0.0001235200   -0.0021313600
  -0.0023320800   -0.0001235200   -0.0021313600
   0.0000000000    0.0000000000   -0.0036277000
   0.0005074300    0.0000000000   -0.0034596900
  -0.0005074300    0.0000000000   -0.0034596900
   0.0000000000   -0.0015446800   -0.0015305700
   0.0023320800    0.0001235200   -0.0021313600
  -0.0023320800    0.0001235200   -0.0021313600
   0.0000000000   -0.0000545100   -0.0025613100
   0.0000056600   -0.0001114100   -0.0026412100
  -0.0000056600   -0.0001114100   -0.0026412100
   0.0000000000    0.0000000000   -0.0025577900
  -0.0000706200    0.0000000000   -0.0028127500
   0.0000706200    0.0000000000   -0.0028127500
   0.0000000000    0.0000545100   -0.0025613100
   0.0000056600    0.0001114100   -0.0026412100
  -0.0000056600    0.0001114100   -0.0026412100
   0.0010043200    0.0010043200   -0.0087459500
   0.0000000000    0.0002607700   -0.0071263200
  -0.0010043200    0.0010043200   -0.0087459500
   0.0002607700    0.0000000000   -0.0071263200
   0.0000000000    0.0000000000   -0.0078220700
  -0.0002607700    0.0000000000   -0.0071263200
   0.0010043200   -0.0010043200   -0.0087459500
   0.0000000000   -0.0002607700   -0.0071263200
  -0.0010043200   -0.0010043200   -0.0087459500
  -0.0000453500   -0.0000453500   -0.0093470800
   0.0000000000   -0.0001126000   -0.0093362000
   0.0000453500   -0.0000453500   -0.0093470800
  -0.0001126000    0.0000000000   -0.0093362000
   0.0000000000    0.0000000000   -0.0092347600
   0.0001126000    0.0000000000   -0.0093362000
  -0.0000453500    0.0000453500   -0.0093470800
   0.0000000000    0.0001126000   -0.0093362000
   0.0000453500    0.0000453500   -0.0093470800
  -0.0009596900   -0.0009596900    0.0087784000
   0.0000000000   -0.0002542600    0.0103752900
   0.0009596900   -0.0009596900    0.0087784000
  -0.0002542600    0.0000000000    0.0103752900
   0.0000000000    0.0000000000    0.0096662600
   0.0002542600    0.0000000000    0.0103752900
  -0.0009596900    0.0009596900    0.0087784000
   0.0000000000    0.0002542600    0.0103752900
   0.0009596900    0.0009596900    0.0087784000
   0.0000451100    0.0000451100    0.0081428700
   0.0000000000    0.0001120800    0.0081540500
  -0.0000451100    0.0000451100    0.0081428700
   0.0001120800    0.0000000000    0.0081540500
   0.0000000000    0.0000000000    0.0082547500
  -0.0001120800    0.0000000000    0.0081540500
   0.0000451100   -0.0000451100    0.0081428700
   0.0000000000   -0.0001120800    0.0081540500
  -0.0000451100   -0.0000451100    0.0081428700
   0.0000000000    0.0000000000   -0.0020243600
   0.0004102700    0.0000000000   -0.0012553600
  -0.0004102700    0.0000000000   -0.0012553600
   0.0000000000    0.0004102700   -0.0012553600
   0.0004725000    0.0004725000   -0.0008381600
  -0.0004725000    0.0004725000   -0.0008381600
   0.0000000000   -0.0004102700   -0.0012553600
   0.0004725000   -0.0004725000   -0.0008381600
  -0.0004725000   -0.0004725000   -0.0008381600
   0.0000000000    0.0000000000   -0.0020159800
  -0.0004126400    0.0000000000   -0.0012543300
   0.0004126400    0.0000000000   -0.0012543300
   0.0000000000   -0.0004126400   -0.0012543300
  -0.0004744200   -0.0004744200   -0.0008370900
   0.0004744200   -0.0004744200   -0.0008370900
   0.0000000000    0.0004126400   -0.0012543300
  -0.0004744200    0.0004744200   -0.0008370900
   0.0004744200    0.0004744200   -0.0008370900
   0.0000000000    0.0000000000   -0.0222719600
  -0.0000154400    0.0000000000   -0.0008636400
   0.0000154400    0.0000000000   -0.0008636400
   0.0000000000   -0.0000154400   -0.0008636400
   0.0000007800    0.0000007800   -0.0010105400
  -0.0000007800    0.0000007800   -0.0010105400
   0.0000000000    0.0000154400   -0.0008636400
   0.0000007800   -0.0000007800   -0.0010105400
  -0.0000007800   -0.0000007800   -0.0010105400
   0.0000000000    0.0000000000    0.0004387900
  -0.0000001200    0.0000000000    0.0003486500
   0.0000001200    0.0000000000    0.0003486500
   0.0000000000   -0.0000001200    0.0003486500
  -0.0000000700   -0.0000000700    0.0003377100
   0.0000000700   -0.0000000700    0.0003377100
   0.0000000000    0.0000001200    0.0003486500
  -0.0000000700    0.0000000700    0.0003377100
   0.0000000700    0.0000000700    0.0003377100
