108  
12   

1    
  0.0100000000000000   0.0000000000000000   0.0000000000000000
  -0.0743559000    0.0007897600    0.0011905800
   0.0082335600    0.0025112700    0.0013102500
   0.0076849900   -0.0022678100   -0.0007129300
  -0.0013657200   -0.0027245400    0.0022101200
  -0.0009049000    0.0030083400   -0.0016048300
   0.0016531700   -0.0000063500    0.0002628800
  -0.0011256800   -0.0079330700    0.0032208600
   0.0016568300   -0.0000045800    0.0002804100
  -0.0011456100    0.0073537200   -0.0026173800
  -0.0004284500    0.0001833800    0.0000283900
   0.0002302500    0.0000851000   -0.0000455900
   0.0002262000   -0.0000926500   -0.0000805500
   0.0001571200   -0.0002198500   -0.0000360300
  -0.0002198800    0.0004271000   -0.0000208800
   0.0000737000   -0.0000082600   -0.0000655200
  -0.0000657000   -0.0002145600   -0.0002756300
   0.0005295300   -0.0002228300   -0.0000326700
  -0.0003904600    0.0000173600    0.0003207200
  -0.0000675600   -0.0001085500    0.0001241300
  -0.0001379600    0.0000133200    0.0001512000
   0.0002060400   -0.0000603400    0.0001149100
  -0.0000088300   -0.0001199200    0.0001554800
   0.0000330000   -0.0001030200    0.0001381500
   0.0000013400    0.0000755900    0.0001524500
  -0.0001428700    0.0000710900    0.0001299100
   0.0000578000    0.0000333100    0.0001808500
   0.0001101300    0.0001528100    0.0001224600
   0.0026967000    0.0000046100   -0.0002684400
  -0.0010501200   -0.0004603700    0.0017545800
  -0.0014422000    0.0007309100   -0.0018595500
  -0.0002840700    0.0001916400    0.0000042700
   0.0001587500    0.0000033000   -0.0001217400
   0.0000603200   -0.0000050900   -0.0000378000
  -0.0000759700    0.0010285000    0.0018194600
   0.0000502400   -0.0000055000   -0.0000232100
  -0.0000370900   -0.0015216800   -0.0019262200
   0.0001104900    0.0002234200   -0.0000431100
  -0.0000321600   -0.0000182400   -0.0000696400
  -0.0000498900    0.0000187900    0.0000143200
   0.0002190500    0.0002016400   -0.0000753500
  -0.0001826000    0.0000203300    0.0001046000
  -0.0000099400   -0.0000151000   -0.0000304000
   0.0002671200   -0.0000957300   -0.0000804200
  -0.0001391700   -0.0002373400    0.0000119400
  -0.0001284800   -0.0001424700    0.0000031900
  -0.0000452000   -0.0000332600   -0.0000506000
   0.0000408000    0.0000246700    0.0000027600
   0.0000396400   -0.0000274500   -0.0000253500
   0.0000119400   -0.0000751200   -0.0000012500
   0.0000322300    0.0000002100    0.0000374300
  -0.0000204400   -0.0000394800   -0.0000345700
  -0.0000514600    0.0000317200   -0.0000298600
   0.0000727400    0.0000313200    0.0000285600
   0.0000017300    0.0000448400   -0.0000372800
   0.0055828100   -0.0000736100   -0.0000973200
  -0.0005453000   -0.0006454800   -0.0006731700
  -0.0005545600    0.0006560300    0.0004073900
  -0.0001645900    0.0012032700   -0.0013570000
  -0.0001652600   -0.0011903000    0.0011057200
   0.0005732300    0.0000075300   -0.0001334000
   0.0273766300   -0.0126482500   -0.0228284300
  -0.0022417200    0.0000067200   -0.0001214300
   0.0264489000    0.0119808400    0.0218187100
   0.0000267500   -0.0000231700    0.0000237700
  -0.0000831500    0.0000076000    0.0000310000
   0.0000280500    0.0000365300    0.0000177600
  -0.0000761600    0.0000052000    0.0000312200
   0.0000042000   -0.0000468600    0.0000746100
   0.0000035000    0.0000531700   -0.0000144500
  -0.0001443500    0.0000424500    0.0000694000
  -0.0001478900   -0.0000389100   -0.0000031800
   0.0000790500    0.0000039800    0.0000222600
  -0.0000096100    0.0000062600   -0.0001448200
   0.0000252400    0.0000410100   -0.0001102600
   0.0000174700   -0.0000231900   -0.0001628900
  -0.0000129800    0.0000133700   -0.0001300100
  -0.0000016400   -0.0000002300   -0.0001426400
  -0.0000157000    0.0000055700   -0.0001330100
  -0.0000148200   -0.0000480300   -0.0001044600
  -0.0000051900    0.0000030400   -0.0001300000
  -0.0000149400    0.0000410200   -0.0001693200
  -0.0006101200    0.0000117700    0.0000159700
   0.0001319800   -0.0005170200   -0.0003521400
   0.0001150500    0.0005321600    0.0004016500
  -0.0005634500    0.0002129600   -0.0005436300
  -0.0005661700   -0.0002004900    0.0005762600
   0.0010332800   -0.0000040200    0.0000242600
   0.0024422000   -0.0017614200    0.0027972900
  -0.0009216300    0.0000032300    0.0000138400
   0.0024208400    0.0017520100   -0.0027492300
   0.0000046400   -0.0000128800   -0.0001560600
  -0.0000290500    0.0000032000   -0.0001321600
   0.0000023400    0.0000201600   -0.0000964900
  -0.0000995200    0.0000068600   -0.0001406800
   0.0000375600   -0.0000328200   -0.0001571200
   0.0000354800    0.0000428500   -0.0001082200
  -0.0000320400   -0.0000328200   -0.0001887500
  -0.0000368900    0.0000425500   -0.0000900200
   0.0000322600    0.0000038900   -0.0001254100
  -0.0000198700    0.0000021400    0.0000306600
   0.0000001000    0.0000260700    0.0000132900
  -0.0000011300   -0.0000098000    0.0000299400
   0.0000039500   -0.0000091900    0.0000291200
   0.0000121400    0.0000149700    0.0000156900
  -0.0000403500    0.0000045100    0.0000179100
  -0.0000270900    0.0000076800    0.0000193300
   0.0000178000    0.0000045900    0.0000180000
  -0.0000173800   -0.0000015500    0.0000226000

1    
  0.0000000000000000   0.0000000000000000   0.0100000000000000
   0.0000000000    0.0000000000   -0.1230258400
  -0.0007665400   -0.0026426200   -0.0027763900
   0.0007665400   -0.0026426200   -0.0027763900
   0.0026718400    0.0006574700   -0.0027763900
  -0.0026718400    0.0006574700   -0.0027763900
   0.0000000000    0.0000000000   -0.0007876900
   0.0019053100    0.0019851500   -0.0027763900
   0.0000000000    0.0000000000   -0.0007730800
  -0.0019053100    0.0019851500   -0.0027763900
   0.0000000000    0.0000241500    0.0000573500
  -0.0001290800   -0.0000745300   -0.0000036500
   0.0001290800   -0.0000745300   -0.0000036500
   0.0000496900    0.0000286900    0.0001281000
  -0.0000496900    0.0000286900    0.0001281000
   0.0000000000    0.0001490500   -0.0000036500
   0.0000209100   -0.0000120800    0.0000573500
   0.0000000000   -0.0000573800    0.0001281000
  -0.0000209100   -0.0000120800    0.0000573500
  -0.0000928200   -0.0000535900    0.0002326800
   0.0000000000    0.0001175200    0.0001613600
   0.0000928200   -0.0000535900    0.0002326800
   0.0000000000   -0.0000664600    0.0002993500
   0.0001017800   -0.0000587600    0.0001613600
  -0.0001017800   -0.0000587600    0.0001613600
  -0.0000575600    0.0000332300    0.0002993500
   0.0000575600    0.0000332300    0.0002993500
   0.0000000000    0.0001071800    0.0002326800
   0.0000000000    0.0000000000    0.0743587800
   0.0020007300    0.0012633600   -0.0012669300
  -0.0020007300    0.0012633600   -0.0012669300
  -0.0020944600    0.0011010000   -0.0012669300
   0.0020944600    0.0011010000   -0.0012669300
   0.0000000000    0.0000000000   -0.0009058700
  -0.0000937400   -0.0023643600   -0.0012669300
   0.0000000000    0.0000000000   -0.0009009000
   0.0000937400   -0.0023643600   -0.0012669300
   0.0000000000    0.0002237100    0.0000692000
   0.0000341500    0.0000197200    0.0001133500
  -0.0000341500    0.0000197200    0.0001133500
   0.0002076000    0.0001198600    0.0000247500
  -0.0002076000    0.0001198600    0.0000247500
   0.0000000000   -0.0000394300    0.0001133500
   0.0001937400   -0.0001118600    0.0000692000
   0.0000000000   -0.0002397100    0.0000247500
  -0.0001937400   -0.0001118600    0.0000692000
  -0.0000515200   -0.0000297400    0.0000432300
   0.0000000000   -0.0000323100    0.0001029000
   0.0000515200   -0.0000297400    0.0000432300
   0.0000000000   -0.0000585200    0.0000322600
  -0.0000279900    0.0000161600    0.0001029000
   0.0000279900    0.0000161600    0.0001029000
  -0.0000506800    0.0000292600    0.0000322600
   0.0000506800    0.0000292600    0.0000322600
   0.0000000000    0.0000594900    0.0000432300
   0.0000000000   -0.0245613600    0.0223824500
   0.0002065200    0.0001192300    0.0009994300
  -0.0002065200    0.0001192300    0.0009994300
  -0.0007208400   -0.0004161700    0.0017325500
   0.0007208400   -0.0004161700    0.0017325500
   0.0000000000   -0.0002384700    0.0009994300
  -0.0212707600    0.0122806800    0.0223824500
   0.0000000000    0.0008323500    0.0017325500
   0.0212707600    0.0122806800    0.0223824500
   0.0001149900    0.0000663900   -0.0000866500
   0.0000000000   -0.0000160800   -0.0000522400
  -0.0001149900    0.0000663900   -0.0000866500
   0.0000000000   -0.0000719700    0.0000891500
  -0.0000139300    0.0000080400   -0.0000522400
   0.0000139300    0.0000080400   -0.0000522400
  -0.0000623300    0.0000359800    0.0000891500
   0.0000623300    0.0000359800    0.0000891500
   0.0000000000   -0.0001327800   -0.0000866500
   0.0000000000    0.0000000000   -0.0001747100
  -0.0000425600   -0.0000382000   -0.0002159800
   0.0000425600   -0.0000382000   -0.0002159800
   0.0000543600   -0.0000177600   -0.0002159800
  -0.0000543600   -0.0000177600   -0.0002159800
   0.0000000000    0.0000000000   -0.0002249100
   0.0000118000    0.0000559600   -0.0002159800
   0.0000000000    0.0000000000   -0.0002026800
  -0.0000118000    0.0000559600   -0.0002159800
   0.0000000000   -0.0039427400   -0.0014350900
  -0.0001605100   -0.0000926700    0.0010037100
   0.0001605100   -0.0000926700    0.0010037100
   0.0002158100    0.0001246000    0.0009768400
  -0.0002158100    0.0001246000    0.0009768400
   0.0000000000    0.0001853500    0.0010037100
  -0.0034145100    0.0019713700   -0.0014350900
   0.0000000000   -0.0002491900    0.0009768400
   0.0034145100    0.0019713700   -0.0014350900
  -0.0000042000   -0.0000024300   -0.0002137000
   0.0000000000   -0.0000595000   -0.0002268200
   0.0000042000   -0.0000024300   -0.0002137000
   0.0000000000    0.0000354000   -0.0002040900
  -0.0000515300    0.0000297500   -0.0002268200
   0.0000515300    0.0000297500   -0.0002268200
   0.0000306500   -0.0000177000   -0.0002040900
  -0.0000306500   -0.0000177000   -0.0002040900
   0.0000000000    0.0000048500   -0.0002137000
   0.0000000000    0.0000000000   -0.0000460800
  -0.0000026200    0.0000253600   -0.0000482200
   0.0000026200    0.0000253600   -0.0000482200
  -0.0000206500   -0.0000149500   -0.0000482200
   0.0000206500   -0.0000149500   -0.0000482200
   0.0000000000    0.0000000000   -0.0001137400
  -0.0000232700   -0.0000104100   -0.0000482200
   0.0000000000    0.0000000000   -0.0000374000
   0.0000232700   -0.0000104100   -0.0000482200

1    
  0.0000000000000000   0.0000000000000000  -0.0100000000000000
   0.0000000000    0.0000000000    0.1209867000
   0.0012542200    0.0029350800    0.0033974700
  -0.0012542200    0.0029350800    0.0033974700
  -0.0031689600   -0.0003813500    0.0033974700
   0.0031689600   -0.0003813500    0.0033974700
   0.0000000000    0.0000000000    0.0013221400
  -0.0019147400   -0.0025537200    0.0033974700
   0.0000000000    0.0000000000    0.0013409900
   0.0019147400   -0.0025537200    0.0033974700
   0.0000000000    0.0003528400   -0.0000236500
   0.0001382000    0.0000797900   -0.0001263200
  -0.0001382000    0.0000797900   -0.0001263200
   0.0003255600    0.0001879600   -0.0001925900
  -0.0003255600    0.0001879600   -0.0001925900
   0.0000000000   -0.0001595800   -0.0001263200
   0.0003055700   -0.0001764200   -0.0000236500
   0.0000000000   -0.0003759300   -0.0001925900
  -0.0003055700   -0.0001764200   -0.0000236500
  -0.0001805500   -0.0001042400    0.0000339800
   0.0000000000   -0.0000856200    0.0001508400
   0.0001805500   -0.0001042400    0.0000339800
   0.0000000000   -0.0001625000    0.0000354000
  -0.0000741500    0.0000428100    0.0001508400
   0.0000741500    0.0000428100    0.0001508400
  -0.0001407300    0.0000812500    0.0000354000
   0.0001407300    0.0000812500    0.0000354000
   0.0000000000    0.0002084800    0.0000339800
   0.0000000000    0.0000000000   -0.0722862100
  -0.0016137000   -0.0009908000    0.0011579500
   0.0016137000   -0.0009908000    0.0011579500
   0.0016649100   -0.0009021100    0.0011579500
  -0.0016649100   -0.0009021100    0.0011579500
   0.0000000000    0.0000000000    0.0008257400
   0.0000512100    0.0018929100    0.0011579500
   0.0000000000    0.0000000000    0.0008447900
  -0.0000512100    0.0018929100    0.0011579500
   0.0000000000    0.0002352500   -0.0001397600
  -0.0000167100   -0.0000096500   -0.0001608700
   0.0000167100   -0.0000096500   -0.0001608700
   0.0001949300    0.0001125400    0.0000078700
  -0.0001949300    0.0001125400    0.0000078700
   0.0000000000    0.0000192900   -0.0001608700
   0.0002037300   -0.0001176300   -0.0001397600
   0.0000000000   -0.0002250800    0.0000078700
  -0.0002037300   -0.0001176300   -0.0001397600
  -0.0000341800   -0.0000197300   -0.0001426100
   0.0000000000    0.0000926400   -0.0001153700
   0.0000341800   -0.0000197300   -0.0001426100
   0.0000000000   -0.0000842200   -0.0000536200
   0.0000802300   -0.0000463200   -0.0001153700
  -0.0000802300   -0.0000463200   -0.0001153700
  -0.0000729400    0.0000421100   -0.0000536200
   0.0000729400    0.0000421100   -0.0000536200
   0.0000000000    0.0000394600   -0.0001426100
   0.0000000000    0.0249588700   -0.0226588800
  -0.0001985200   -0.0001146200   -0.0012631200
   0.0001985200   -0.0001146200   -0.0012631200
   0.0007283700    0.0004205200   -0.0019937100
  -0.0007283700    0.0004205200   -0.0019937100
   0.0000000000    0.0002292300   -0.0012631200
   0.0216150100   -0.0124794300   -0.0226588800
   0.0000000000   -0.0008410500   -0.0019937100
  -0.0216150100   -0.0124794300   -0.0226588800
  -0.0001111100   -0.0000641500    0.0001339600
   0.0000000000    0.0000198400    0.0001135800
   0.0001111100   -0.0000641500    0.0001339600
   0.0000000000    0.0000782500   -0.0000192600
   0.0000171800   -0.0000099200    0.0001135800
  -0.0000171800   -0.0000099200    0.0001135800
   0.0000677600   -0.0000391200   -0.0000192600
  -0.0000677600   -0.0000391200   -0.0000192600
   0.0000000000    0.0001282900    0.0001339600
   0.0000000000    0.0000000000   -0.0001140800
   0.0000538500    0.0000432100   -0.0000542300
  -0.0000538500    0.0000432100   -0.0000542300
  -0.0000643500    0.0000250300   -0.0000542300
   0.0000643500    0.0000250300   -0.0000542300
   0.0000000000    0.0000000000   -0.0000406400
  -0.0000105000   -0.0000682400   -0.0000542300
   0.0000000000    0.0000000000   -0.0000483900
   0.0000105000   -0.0000682400   -0.0000542300
   0.0000000000    0.0040241300    0.0015385700
   0.0001715600    0.0000990500   -0.0009543500
  -0.0001715600    0.0000990500   -0.0009543500
  -0.0002062600   -0.0001190800   -0.0009529300
   0.0002062600   -0.0001190800   -0.0009529300
   0.0000000000   -0.0001981000   -0.0009543500
   0.0034850000   -0.0020120700    0.0015385700
   0.0000000000    0.0002381700   -0.0009529300
  -0.0034850000   -0.0020120700    0.0015385700
   0.0000044000    0.0000025400   -0.0000372100
   0.0000000000    0.0000575100   -0.0000350200
  -0.0000044000    0.0000025400   -0.0000372100
   0.0000000000   -0.0000303000   -0.0000712200
   0.0000498100   -0.0000287600   -0.0000350200
  -0.0000498100   -0.0000287600   -0.0000350200
  -0.0000262400    0.0000151500   -0.0000712200
   0.0000262400    0.0000151500   -0.0000712200
   0.0000000000   -0.0000050800   -0.0000372100
   0.0000000000    0.0000000000    0.0001095600
  -0.0000015300   -0.0000181200    0.0000984000
   0.0000015300   -0.0000181200    0.0000984000
   0.0000164600    0.0000077400    0.0000984000
  -0.0000164600    0.0000077400    0.0000984000
   0.0000000000    0.0000000000    0.0001614300
   0.0000149300    0.0000103800    0.0000984000
   0.0000000000    0.0000000000    0.0000793000
  -0.0000149300    0.0000103800    0.0000984000

10   
  0.0100000000000000   0.0000000000000000   0.0000000000000000
  -0.0004297700   -0.0000048100    0.0004246400
   0.0004705800    0.0000434400    0.0004453200
  -0.0000208900    0.0002227100    0.0001803200
  -0.0004722700    0.0000241800    0.0001699200
   0.0000125300    0.0002574100    0.0004573600
   0.0005269000   -0.0000040400    0.0002720500
  -0.0000271900   -0.0006091800    0.0001758400
   0.0000712700   -0.0000050700    0.0002931400
  -0.0000380700    0.0000365200    0.0004507600
  -0.0739423000    0.0009131000   -0.0008926800
   0.0079688800    0.0023790700   -0.0010760900
   0.0079041700   -0.0024060600    0.0009516200
  -0.0009407500   -0.0027465500   -0.0019237900
  -0.0013394000    0.0029598900    0.0018404700
   0.0016609900   -0.0000095500   -0.0000779400
  -0.0009743200   -0.0077376900   -0.0028855300
   0.0016593400   -0.0002229300   -0.0000398900
  -0.0013066400    0.0075332800    0.0029032800
  -0.0001418900   -0.0000823400    0.0001397900
   0.0000397600    0.0000129600    0.0001581500
   0.0001314000   -0.0000852500    0.0001217700
  -0.0000012400   -0.0001190300    0.0001666000
   0.0000245000   -0.0000125100    0.0001433900
  -0.0000053500   -0.0000129400    0.0001687500
  -0.0000962800    0.0000335700    0.0002246000
   0.0001045000    0.0000735900    0.0001097100
   0.0000095800    0.0001540500    0.0001311700
   0.0000395100   -0.0000050300   -0.0001428900
   0.0001915400    0.0001726600    0.0000171700
  -0.0002045700    0.0000959700   -0.0001549900
  -0.0001444900    0.0000753200   -0.0000299400
   0.0002952100    0.0001201500   -0.0001055400
  -0.0001453700   -0.0000042300   -0.0000486400
  -0.0000312100   -0.0001671300    0.0001116900
   0.0000611000   -0.0000037200   -0.0000390000
   0.0000093300   -0.0003226600   -0.0002475900
   0.0026915300    0.0002332900    0.0001143200
  -0.0012405500   -0.0005861000   -0.0018321300
  -0.0012525700    0.0005899400    0.0017860400
   0.0001425600    0.0002040900   -0.0000449600
  -0.0002586900    0.0000188800    0.0000982200
   0.0000486300   -0.0000155800   -0.0000182800
   0.0001345100    0.0011591000   -0.0019107200
   0.0000576500   -0.0002399800    0.0000247900
  -0.0002620700   -0.0013963700    0.0018493400
   0.0000334600   -0.0000512300    0.0000007600
  -0.0001452500    0.0000263100   -0.0000111600
   0.0001186200   -0.0000067200   -0.0000987200
   0.0000392600   -0.0000759800   -0.0000113900
   0.0000185000   -0.0000592600   -0.0000140600
  -0.0000331300    0.0000197200   -0.0000056000
  -0.0000745000    0.0001093200   -0.0000629600
   0.0000497000   -0.0000463300    0.0000411700
   0.0000627300    0.0000459400   -0.0000486100
   0.0001313100    0.0000071800   -0.0001215500
  -0.0001111900   -0.0000335600   -0.0000873900
  -0.0001230200    0.0000579100   -0.0001619300
   0.0000647800    0.0000458300   -0.0001646800
   0.0000583400   -0.0000276000   -0.0000668700
  -0.0000385600    0.0000007200   -0.0001180800
   0.0000423900    0.0001595200   -0.0001337100
  -0.0000934300   -0.0000044000   -0.0001214800
   0.0000452700   -0.0001589500   -0.0001110000
   0.0272103400   -0.0126010700    0.0226454100
  -0.0022815300    0.0000096000    0.0000127800
   0.0262836700    0.0119405500   -0.0218631100
   0.0054909600   -0.0000708100   -0.0000075300
  -0.0005676000   -0.0006627600    0.0005823800
  -0.0005769900    0.0006746200   -0.0005440400
  -0.0001800600    0.0012123200    0.0012173500
  -0.0001863000   -0.0012036100   -0.0011787500
   0.0005797300    0.0000064200    0.0000106600
  -0.0000138600    0.0000041800   -0.0001286100
  -0.0000038700    0.0000279800   -0.0001123800
  -0.0000100400   -0.0000138400   -0.0001343700
  -0.0000121700   -0.0000010200   -0.0001319600
   0.0000068100    0.0000124300   -0.0001178800
  -0.0000250500    0.0000075000   -0.0001210000
  -0.0000299200   -0.0000032400   -0.0001333700
   0.0000290200    0.0000096400   -0.0001169900
  -0.0000277600    0.0000013200   -0.0001079900
  -0.0000259000    0.0000163000    0.0000117100
   0.0000034400   -0.0000520500    0.0000710900
  -0.0000123200    0.0000659800   -0.0000435400
  -0.0000760000    0.0000272000   -0.0000679000
  -0.0000882800   -0.0000089700    0.0000717400
   0.0001457100   -0.0000034000    0.0000146700
   0.0000353900   -0.0000463600   -0.0000039800
  -0.0000738700    0.0000000300   -0.0000025000
   0.0000110100    0.0000466600    0.0000215400
   0.0023732500   -0.0017524300   -0.0028838100
  -0.0008914900    0.0000075500   -0.0001257600
   0.0023779500    0.0017615900    0.0026427300
  -0.0006594200    0.0000004300   -0.0001214400
   0.0001332800   -0.0005058800    0.0002461400
   0.0001317700    0.0005176600   -0.0004919900
  -0.0005574200    0.0001997300    0.0004341300
  -0.0005576400   -0.0001949700   -0.0007033300
   0.0010266800    0.0000032600   -0.0001191600
  -0.0000340100    0.0000066900    0.0000184000
   0.0000402200   -0.0000129900   -0.0000497500
   0.0000429800    0.0000409200    0.0000779200
  -0.0000227500   -0.0000039200    0.0000036400
  -0.0000244900    0.0000085500    0.0000138700
   0.0000160000    0.0000029500    0.0000088400
  -0.0000165500   -0.0000128500   -0.0000103300
  -0.0000052500   -0.0000023100    0.0000117300
  -0.0000030300    0.0000175800    0.0000423800

10   
  0.0000000000000000   0.0000000000000000   0.0100000000000000
   0.0000000000   -0.0005382300    0.0003866000
   0.0000622000   -0.0000359100    0.0003574200
  -0.0000622000   -0.0000359100    0.0003574200
  -0.0004661200    0.0002691200    0.0003866000
   0.0004661200    0.0002691200    0.0003866000
   0.0000000000    0.0000993300    0.0004480500
  -0.0000860200   -0.0000496600    0.0004480500
   0.0000000000    0.0000718200    0.0003574200
   0.0000860200   -0.0000496600    0.0004480500
   0.0000000000    0.0000000000   -0.1208479700
   0.0010658900    0.0026622900   -0.0030935400
  -0.0010658900    0.0026622900   -0.0030935400
  -0.0028385600   -0.0004080600   -0.0030935400
   0.0028385600   -0.0004080600   -0.0030935400
   0.0000000000    0.0000000000   -0.0011028400
  -0.0017726700   -0.0022542400   -0.0030935400
   0.0000000000    0.0000000000   -0.0010678400
   0.0017726700   -0.0022542400   -0.0030935400
  -0.0000673000    0.0000388500    0.0002228300
   0.0000000000    0.0000854700    0.0002633200
   0.0000673000    0.0000388500    0.0002228300
   0.0000000000   -0.0000777100    0.0002228300
  -0.0000137200   -0.0000079200    0.0001764200
   0.0000137200   -0.0000079200    0.0001764200
  -0.0000740200   -0.0000427300    0.0002633200
   0.0000740200   -0.0000427300    0.0002633200
   0.0000000000    0.0000158500    0.0001764200
   0.0000000000   -0.0001034800    0.0000830800
   0.0000629600   -0.0000363500    0.0000302700
  -0.0000629600   -0.0000363500    0.0000302700
  -0.0000896100    0.0000517400    0.0000830800
   0.0000896100    0.0000517400    0.0000830800
   0.0000000000    0.0001500800   -0.0000463600
  -0.0001299700   -0.0000750400   -0.0000463600
   0.0000000000    0.0000726900    0.0000302700
   0.0001299700   -0.0000750400   -0.0000463600
   0.0000000000    0.0000000000    0.0721429700
  -0.0017431600   -0.0012339800   -0.0012369100
   0.0017431600   -0.0012339800   -0.0012369100
   0.0019402400   -0.0008926300   -0.0012369100
  -0.0019402400   -0.0008926300   -0.0012369100
   0.0000000000    0.0000000000   -0.0009022800
   0.0001970800    0.0021266100   -0.0012369100
   0.0000000000    0.0000000000   -0.0008575000
  -0.0001970800    0.0021266100   -0.0012369100
   0.0000030600   -0.0000017700    0.0001393300
   0.0000000000   -0.0001753800    0.0000034700
  -0.0000030600   -0.0000017700    0.0001393300
   0.0000000000    0.0000035300    0.0001393300
  -0.0000920300   -0.0000531400    0.0000603000
   0.0000920300   -0.0000531400    0.0000603000
   0.0001518800    0.0000876900    0.0000034700
  -0.0001518800    0.0000876900    0.0000034700
   0.0000000000    0.0001062700    0.0000603000
   0.0000000000    0.0000000000   -0.0002227500
   0.0000661600    0.0000601900   -0.0001230100
  -0.0000661600    0.0000601900   -0.0001230100
  -0.0000852100    0.0000272100   -0.0001230100
   0.0000852100    0.0000272100   -0.0001230100
   0.0000000000    0.0000000000   -0.0001457500
  -0.0000190400   -0.0000873900   -0.0001230100
   0.0000000000    0.0000000000   -0.0001979500
   0.0000190400   -0.0000873900   -0.0001230100
   0.0216493500   -0.0124992600    0.0224361100
   0.0000000000   -0.0008097100    0.0018843700
  -0.0216493500   -0.0124992600    0.0224361100
   0.0000000000    0.0249985100    0.0224361100
  -0.0001988600   -0.0001148100    0.0011376500
   0.0001988600   -0.0001148100    0.0011376500
   0.0007012300    0.0004048600    0.0018843700
  -0.0007012300    0.0004048600    0.0018843700
   0.0000000000    0.0002296200    0.0011376500
   0.0000000000   -0.0000238500   -0.0001897700
   0.0000055300   -0.0000031900   -0.0002020500
  -0.0000055300   -0.0000031900   -0.0002020500
  -0.0000206600    0.0000119300   -0.0001897700
   0.0000206600    0.0000119300   -0.0001897700
   0.0000000000    0.0000340000   -0.0002091200
  -0.0000294400   -0.0000170000   -0.0002091200
   0.0000000000    0.0000063900   -0.0002020500
   0.0000294400   -0.0000170000   -0.0002091200
   0.0000000000    0.0000000000   -0.0000479600
  -0.0000457500    0.0000077900   -0.0000900500
   0.0000457500    0.0000077900   -0.0000900500
   0.0000161300   -0.0000435200   -0.0000900500
  -0.0000161300   -0.0000435200   -0.0000900500
   0.0000000000    0.0000000000    0.0000058500
  -0.0000296200    0.0000357300   -0.0000900500
   0.0000000000    0.0000000000   -0.0000585500
   0.0000296200    0.0000357300   -0.0000900500
   0.0034015700   -0.0019639000   -0.0016260300
   0.0000000000    0.0002439800    0.0008308700
  -0.0034015700   -0.0019639000   -0.0016260300
   0.0000000000    0.0039278000   -0.0016260300
   0.0001720500    0.0000993300    0.0008517300
  -0.0001720500    0.0000993300    0.0008517300
  -0.0002112900   -0.0001219900    0.0008308700
   0.0002112900   -0.0001219900    0.0008308700
   0.0000000000   -0.0001986700    0.0008517300
   0.0000000000    0.0000131400   -0.0000229500
   0.0000293500   -0.0000169400   -0.0001171500
  -0.0000293500   -0.0000169400   -0.0001171500
   0.0000113800   -0.0000065700   -0.0000229500
  -0.0000113800   -0.0000065700   -0.0000229500
   0.0000000000    0.0000390900   -0.0000438500
  -0.0000338500   -0.0000195500   -0.0000438500
   0.0000000000    0.0000338900   -0.0001171500
   0.0000338500   -0.0000195500   -0.0000438500

10   
  0.0000000000000000   0.0000000000000000  -0.0100000000000000
   0.0000000000    0.0001564400    0.0003049200
   0.0001044500   -0.0000603000    0.0002440800
  -0.0001044500   -0.0000603000    0.0002440800
   0.0001354800   -0.0000782200    0.0003049200
  -0.0001354800   -0.0000782200    0.0003049200
   0.0000000000    0.0000835300    0.0001411100
  -0.0000723400   -0.0000417600    0.0001411100
   0.0000000000    0.0001206000    0.0002440800
   0.0000723400   -0.0000417600    0.0001411100
   0.0000000000    0.0000000000    0.1230988000
  -0.0009614100   -0.0028515600    0.0030395700
   0.0009614100   -0.0028515600    0.0030395700
   0.0029502200    0.0005931800    0.0030395700
  -0.0029502200    0.0005931800    0.0030395700
   0.0000000000    0.0000000000    0.0009764700
   0.0019888200    0.0022583800    0.0030395700
   0.0000000000    0.0000000000    0.0010034400
  -0.0019888200    0.0022583800    0.0030395700
  -0.0000895700    0.0000517100    0.0000477600
   0.0000000000    0.0000040100    0.0000547800
   0.0000895700    0.0000517100    0.0000477600
   0.0000000000   -0.0001034300    0.0000477600
  -0.0000672000   -0.0000388000    0.0001097300
   0.0000672000   -0.0000388000    0.0001097300
  -0.0000034700   -0.0000020000    0.0000547800
   0.0000034700   -0.0000020000    0.0000547800
   0.0000000000    0.0000776000    0.0001097300
   0.0000000000   -0.0002187400   -0.0002512800
   0.0000555200   -0.0000320500   -0.0001167700
  -0.0000555200   -0.0000320500   -0.0001167700
  -0.0001894400    0.0001093700   -0.0002512800
   0.0001894400    0.0001093700   -0.0002512800
   0.0000000000    0.0000335400   -0.0000601900
  -0.0000290500   -0.0000167700   -0.0000601900
   0.0000000000    0.0000641100   -0.0001167700
   0.0000290500   -0.0000167700   -0.0000601900
   0.0000000000    0.0000000000   -0.0745481200
   0.0018708200    0.0010014500    0.0011945500
  -0.0018708200    0.0010014500    0.0011945500
  -0.0018026900    0.0011194500    0.0011945500
   0.0018026900    0.0011194500    0.0011945500
   0.0000000000    0.0000000000    0.0008501500
   0.0000681300   -0.0021209100    0.0011945500
   0.0000000000    0.0000000000    0.0008905700
  -0.0000681300   -0.0021209100    0.0011945500
  -0.0000717400    0.0000414200   -0.0001982500
   0.0000000000    0.0002416100   -0.0000063300
   0.0000717400    0.0000414200   -0.0001982500
   0.0000000000   -0.0000828300   -0.0001982500
   0.0000801900    0.0000463000   -0.0000948900
  -0.0000801900    0.0000463000   -0.0000948900
  -0.0002092400   -0.0001208000   -0.0000063300
   0.0002092400   -0.0001208000   -0.0000063300
   0.0000000000   -0.0000925900   -0.0000948900
   0.0000000000    0.0000000000   -0.0000277300
  -0.0000602400   -0.0000625300   -0.0001281300
   0.0000602400   -0.0000625300   -0.0001281300
   0.0000842800   -0.0000209100   -0.0001281300
  -0.0000842800   -0.0000209100   -0.0001281300
   0.0000000000    0.0000000000   -0.0001050000
   0.0000240300    0.0000834400   -0.0001281300
   0.0000000000    0.0000000000   -0.0000452200
  -0.0000240300    0.0000834400   -0.0001281300
  -0.0212871700    0.0122901500   -0.0223772000
   0.0000000000    0.0008120800   -0.0018283400
   0.0212871700    0.0122901500   -0.0223772000
   0.0000000000   -0.0245803100   -0.0223772000
   0.0001940700    0.0001120400   -0.0010947800
  -0.0001940700    0.0001120400   -0.0010947800
  -0.0007032800   -0.0004060400   -0.0018283400
   0.0007032800   -0.0004060400   -0.0018283400
   0.0000000000   -0.0002240900   -0.0010947800
   0.0000000000    0.0000144200   -0.0000773600
   0.0000001500   -0.0000000900   -0.0000538300
  -0.0000001500   -0.0000000900   -0.0000538300
   0.0000124900   -0.0000072100   -0.0000773600
  -0.0000124900   -0.0000072100   -0.0000773600
   0.0000000000   -0.0000309300   -0.0000511900
   0.0000267900    0.0000154700   -0.0000511900
   0.0000000000    0.0000001800   -0.0000538300
  -0.0000267900    0.0000154700   -0.0000511900
   0.0000000000    0.0000000000    0.0000862400
   0.0000588000   -0.0000111000    0.0001236100
  -0.0000588000   -0.0000111000    0.0001236100
  -0.0000197900    0.0000564700    0.0001236100
   0.0000197900    0.0000564700    0.0001236100
   0.0000000000    0.0000000000    0.0000361700
   0.0000390100   -0.0000453700    0.0001236100
   0.0000000000    0.0000000000    0.0000814300
  -0.0000390100   -0.0000453700    0.0001236100
  -0.0033597400    0.0019397400    0.0013168000
   0.0000000000   -0.0002436200   -0.0010986300
   0.0033597400    0.0019397400    0.0013168000
   0.0000000000   -0.0038794900    0.0013168000
  -0.0001610800   -0.0000930000   -0.0010956400
   0.0001610800   -0.0000930000   -0.0010956400
   0.0002109800    0.0001218100   -0.0010986300
  -0.0002109800    0.0001218100   -0.0010986300
   0.0000000000    0.0001860000   -0.0010956400
   0.0000000000   -0.0000118100    0.0000641400
  -0.0000352100    0.0000203300    0.0001495200
   0.0000352100    0.0000203300    0.0001495200
  -0.0000102300    0.0000059100    0.0000641400
   0.0000102300    0.0000059100    0.0000641400
   0.0000000000   -0.0000339900    0.0000802400
   0.0000294400    0.0000170000    0.0000802400
   0.0000000000   -0.0000406500    0.0001495200
  -0.0000294400    0.0000170000    0.0000802400

55   
  0.0100000000000000   0.0000000000000000   0.0000000000000000
   0.0056024400    0.0000630200    0.0003910000
  -0.0002878200    0.0007889700    0.0001040900
  -0.0007826300   -0.0005114700    0.0005064800
   0.0262490500   -0.0118487600   -0.0207648400
   0.0276102100    0.0127849900    0.0221290900
  -0.0022291400   -0.0000167700    0.0002534700
  -0.0001462200    0.0009127700   -0.0004205800
   0.0005917600   -0.0000066600    0.0002813800
  -0.0001527300   -0.0014895300    0.0010291000
   0.0001400900    0.0001835500    0.0000194600
  -0.0000938100   -0.0000737300   -0.0001314100
  -0.0000980600    0.0000672300    0.0000002800
   0.0002487500    0.0001462300   -0.0000547000
  -0.0001280800    0.0000602100   -0.0000088300
  -0.0000768800   -0.0000080700   -0.0000658200
   0.0002416600    0.0000524600   -0.0000659200
  -0.0000259800   -0.0002216800   -0.0000319500
  -0.0000819200   -0.0002469700    0.0001034500
  -0.0001169000   -0.0000669500    0.0001275200
  -0.0000114500    0.0000123700    0.0001488300
   0.0001553100   -0.0001008800    0.0001167600
   0.0000511100   -0.0001195900    0.0001571800
  -0.0000041700    0.0000218600    0.0001202600
  -0.0000343900   -0.0000490600    0.0001754700
  -0.0000487100    0.0000887800    0.0002102400
   0.0001500400    0.0000165500    0.0001108900
  -0.0000798800    0.0001526700    0.0001256500
  -0.0006413400    0.0000042100   -0.0001210700
   0.0003485500    0.0006497700   -0.0002258100
  -0.0000508400   -0.0003817200    0.0001000000
   0.0021770100   -0.0016536500    0.0033274100
   0.0026172800    0.0018567200   -0.0034364600
  -0.0008823800   -0.0000036700   -0.0000455900
  -0.0005598500   -0.0000494200   -0.0002721800
   0.0010434200   -0.0000046400   -0.0000269800
  -0.0005193400   -0.0004468500    0.0001479400
   0.0000063100    0.0002236600   -0.0000422500
   0.0000469000    0.0000237200    0.0000230400
   0.0000294600   -0.0000220000   -0.0000743000
   0.0002014500    0.0001247100    0.0000252600
  -0.0001999900    0.0000998700    0.0000048500
   0.0000122700   -0.0000143500   -0.0000269100
   0.0002072600   -0.0001688500    0.0000225700
  -0.0000030300   -0.0002389100    0.0000137100
  -0.0001883700   -0.0000704000   -0.0000949400
  -0.0000282400   -0.0000345600   -0.0000563700
  -0.0000054200    0.0000248200   -0.0000030400
   0.0000553200   -0.0000244600   -0.0000241600
   0.0000063700   -0.0000754200   -0.0000033600
   0.0000351100   -0.0000385800   -0.0000050200
  -0.0000168500   -0.0000004200    0.0000001100
  -0.0000728600    0.0000293600   -0.0000317000
   0.0000503900    0.0000338100    0.0000219200
   0.0000437400    0.0000442600   -0.0000407600
  -0.0830462700   -0.0007195600   -0.0008392700
   0.0082232900    0.0011779000    0.0019048500
   0.0080875700   -0.0011504500   -0.0021452800
   0.0012259600   -0.0028243000   -0.0005297200
   0.0012282700    0.0028468700    0.0002778800
   0.0001921600    0.0000005600   -0.0001262800
   0.0012298400   -0.0051739300    0.0014906200
   0.0001925500    0.0000023300   -0.0001241300
   0.0012236200    0.0051528900   -0.0017507500
   0.0003108500   -0.0002416800   -0.0004836400
   0.0000670400    0.0000061600    0.0000256500
   0.0003039300    0.0002482900    0.0005059200
  -0.0001153000    0.0000082200    0.0000279500
   0.0000097400    0.0000236800    0.0000261000
   0.0000077400   -0.0000166900    0.0000244500
   0.0000136300   -0.0000288600    0.0000056900
   0.0000069700    0.0000344800    0.0000498400
  -0.0000248700    0.0000027400    0.0000152600
   0.0000027100    0.0000038800   -0.0001443600
  -0.0000128400   -0.0000302000   -0.0001255600
  -0.0000274700    0.0000471300   -0.0001439000
  -0.0000276900    0.0000223300   -0.0001074900
  -0.0000141800   -0.0000044800   -0.0001635100
   0.0000458600    0.0000042600   -0.0001313900
   0.0000335900   -0.0000100100   -0.0001516200
  -0.0000873300    0.0000050400   -0.0001273300
   0.0000330700    0.0000041600   -0.0001162400
  -0.0008188700    0.0000130700    0.0000170500
   0.0008754100   -0.0005492400    0.0010361400
   0.0008605000    0.0005667300   -0.0009959400
  -0.0000874900   -0.0011047000   -0.0010420400
  -0.0000947700    0.0011201800    0.0010664500
   0.0000738700   -0.0000037700    0.0000220500
  -0.0000864400    0.0000062100   -0.0000242500
   0.0000661200    0.0000006700    0.0000106600
  -0.0000972000   -0.0000035600    0.0000513500
  -0.0000206800    0.0000172100   -0.0001116000
   0.0000442900    0.0000037600   -0.0001304700
  -0.0000208600   -0.0000094700   -0.0001346500
   0.0000005500    0.0000067400   -0.0001365300
  -0.0000201300    0.0000438400   -0.0001414100
  -0.0000190600   -0.0000331700   -0.0001203600
   0.0000348500   -0.0000030200   -0.0001728600
   0.0000321700    0.0000119000   -0.0001011200
  -0.0000882900    0.0000056000   -0.0001229400
  -0.0000256800    0.0000041700    0.0000268200
  -0.0000003100    0.0000093000    0.0000280200
   0.0000018700    0.0000070200    0.0000071000
  -0.0000144800   -0.0000068100    0.0000138100
  -0.0000082100    0.0000099000    0.0000237000
   0.0000025500    0.0000049700    0.0000149600
  -0.0000181900   -0.0000055200    0.0000407800
   0.0000021300    0.0000053400    0.0000137100
  -0.0000100600    0.0000133300   -0.0000046200

55   
  0.0000000000000000   0.0000000000000000   0.0100000000000000
   0.0000000000   -0.0261998200    0.0228519600
   0.0006250300   -0.0003608600    0.0014236800
  -0.0006250300   -0.0003608600    0.0014236800
  -0.0226897100    0.0130999100    0.0228519600
   0.0226897100    0.0130999100    0.0228519600
   0.0000000000    0.0015131600    0.0021490000
  -0.0013104400   -0.0007565800    0.0021490000
   0.0000000000    0.0007217300    0.0014236800
   0.0013104400   -0.0007565800    0.0021490000
   0.0000000000    0.0000000000   -0.0000761900
   0.0000187100   -0.0000673900   -0.0000157500
  -0.0000187100   -0.0000673900   -0.0000157500
   0.0000490100    0.0000499000   -0.0000157500
  -0.0000490100    0.0000499000   -0.0000157500
   0.0000000000    0.0000000000   -0.0001331800
   0.0000677200    0.0000174900   -0.0000157500
   0.0000000000    0.0000000000   -0.0000428900
  -0.0000677200    0.0000174900   -0.0000157500
  -0.0000483200    0.0000279000    0.0000336700
   0.0000000000    0.0000153100    0.0000484000
   0.0000483200    0.0000279000    0.0000336700
   0.0000000000   -0.0000557900    0.0000336700
   0.0000070600    0.0000040800    0.0000590000
  -0.0000070600    0.0000040800    0.0000590000
  -0.0000132600   -0.0000076500    0.0000484000
   0.0000132600   -0.0000076500    0.0000484000
   0.0000000000   -0.0000081600    0.0000590000
   0.0000000000   -0.0033637000   -0.0015298200
  -0.0003129600    0.0001806900    0.0009375000
   0.0003129600    0.0001806900    0.0009375000
  -0.0029130500    0.0016818500   -0.0015298200
   0.0029130500    0.0016818500   -0.0015298200
   0.0000000000   -0.0005646600    0.0009185400
   0.0004890100    0.0002823300    0.0009185400
   0.0000000000   -0.0003613700    0.0009375000
  -0.0004890100    0.0002823300    0.0009185400
   0.0000000000    0.0000000000   -0.0000813400
   0.0000436900   -0.0001351100   -0.0001022000
  -0.0000436900   -0.0001351100   -0.0001022000
   0.0000951700    0.0001053900   -0.0001022000
  -0.0000951700    0.0001053900   -0.0001022000
   0.0000000000    0.0000000000   -0.0001081800
   0.0001388600    0.0000297200   -0.0001022000
   0.0000000000    0.0000000000   -0.0000901500
  -0.0001388600    0.0000297200   -0.0001022000
  -0.0000383900    0.0000221600   -0.0000772000
   0.0000000000    0.0000471000   -0.0000704400
   0.0000383900    0.0000221600   -0.0000772000
   0.0000000000   -0.0000443200   -0.0000772000
  -0.0000177200   -0.0000102300   -0.0000800800
   0.0000177200   -0.0000102300   -0.0000800800
  -0.0000407900   -0.0000235500   -0.0000704400
   0.0000407900   -0.0000235500   -0.0000704400
   0.0000000000    0.0000204600   -0.0000800800
   0.0000000000    0.0000000000   -0.0670938100
  -0.0020313000   -0.0007050500   -0.0020780200
   0.0020313000   -0.0007050500   -0.0020780200
   0.0016262400   -0.0014066300   -0.0020780200
  -0.0016262400   -0.0014066300   -0.0020780200
   0.0000000000    0.0000000000   -0.0009734800
  -0.0004050600    0.0021116800   -0.0020780200
   0.0000000000    0.0000000000   -0.0009713700
   0.0004050600    0.0021116800   -0.0020780200
  -0.0003309000    0.0001910400    0.0004516000
   0.0000000000    0.0000144300    0.0001236500
   0.0003309000    0.0001910400    0.0004516000
   0.0000000000   -0.0003820800    0.0004516000
  -0.0000109700   -0.0000063300    0.0000779700
   0.0000109700   -0.0000063300    0.0000779700
  -0.0000124900   -0.0000072100    0.0001236500
   0.0000124900   -0.0000072100    0.0001236500
   0.0000000000    0.0000126600    0.0000779700
   0.0000000000    0.0000095300   -0.0001047800
   0.0000143300   -0.0000082700   -0.0000344200
  -0.0000143300   -0.0000082700   -0.0000344200
   0.0000082500   -0.0000047600   -0.0001047800
  -0.0000082500   -0.0000047600   -0.0001047800
   0.0000000000    0.0000410400   -0.0000472600
  -0.0000355500   -0.0000205200   -0.0000472600
   0.0000000000    0.0000165500   -0.0000344200
   0.0000355500   -0.0000205200   -0.0000472600
   0.0000000000    0.0000000000   -0.0011929800
   0.0010501000   -0.0006185500    0.0006470900
  -0.0010501000   -0.0006185500    0.0006470900
   0.0000106300    0.0012186900    0.0006470900
  -0.0000106300    0.0012186900    0.0006470900
   0.0000000000    0.0000000000   -0.0008288300
   0.0010607300   -0.0006001400    0.0006470900
   0.0000000000    0.0000000000   -0.0008352200
  -0.0010607300   -0.0006001400    0.0006470900
   0.0000273400   -0.0000157900   -0.0000972800
   0.0000000000    0.0000218200   -0.0000528700
  -0.0000273400   -0.0000157900   -0.0000972800
   0.0000000000    0.0000315700   -0.0000972800
  -0.0000103900   -0.0000060000   -0.0000368700
   0.0000103900   -0.0000060000   -0.0000368700
  -0.0000188900   -0.0000109100   -0.0000528700
   0.0000188900   -0.0000109100   -0.0000528700
   0.0000000000    0.0000120000   -0.0000368700
   0.0000000000    0.0000095900    0.0001053400
  -0.0000117300    0.0000067700    0.0000935100
   0.0000117300    0.0000067700    0.0000935100
   0.0000083000   -0.0000047900    0.0001053400
  -0.0000083000   -0.0000047900    0.0001053400
   0.0000000000    0.0000108500    0.0000975300
  -0.0000094000   -0.0000054300    0.0000975300
   0.0000000000   -0.0000135400    0.0000935100
   0.0000094000   -0.0000054300    0.0000975300

55   
  0.0000000000000000   0.0000000000000000  -0.0100000000000000
   0.0000000000    0.0253398000   -0.0221714300
  -0.0004530300    0.0002615600   -0.0008279100
   0.0004530300    0.0002615600   -0.0008279100
   0.0219449100   -0.0126699000   -0.0221714300
  -0.0219449100   -0.0126699000   -0.0221714300
   0.0000000000   -0.0013313200   -0.0015602400
   0.0011529600    0.0006656600   -0.0015602400
   0.0000000000   -0.0005231100   -0.0008279100
  -0.0011529600    0.0006656600   -0.0015602400
   0.0000000000    0.0000000000    0.0001064100
   0.0000905900   -0.0001386500   -0.0000364800
  -0.0000905900   -0.0001386500   -0.0000364800
   0.0000747800    0.0001477800   -0.0000364800
  -0.0000747800    0.0001477800   -0.0000364800
   0.0000000000    0.0000000000    0.0000113800
   0.0001653700   -0.0000091300   -0.0000364800
   0.0000000000    0.0000000000   -0.0000148400
  -0.0001653700   -0.0000091300   -0.0000364800
  -0.0001079900    0.0000623500    0.0002289000
   0.0000000000    0.0000730800    0.0002590400
   0.0001079900    0.0000623500    0.0002289000
   0.0000000000   -0.0001247000    0.0002289000
  -0.0000890100   -0.0000513900    0.0002138800
   0.0000890100   -0.0000513900    0.0002138800
  -0.0000632900   -0.0000365400    0.0002590400
   0.0000632900   -0.0000365400    0.0002590400
   0.0000000000    0.0001027800    0.0002138800
   0.0000000000    0.0030111600    0.0013975100
   0.0004312000   -0.0002489500   -0.0010222600
  -0.0004312000   -0.0002489500   -0.0010222600
   0.0026077400   -0.0015055800    0.0013975100
  -0.0026077400   -0.0015055800    0.0013975100
   0.0000000000    0.0007493600   -0.0010234800
  -0.0006489600   -0.0003746800   -0.0010234800
   0.0000000000    0.0004979000   -0.0010222600
   0.0006489600   -0.0003746800   -0.0010234800
   0.0000000000    0.0000000000   -0.0000018600
   0.0000938000   -0.0000922300    0.0000709900
  -0.0000938000   -0.0000922300    0.0000709900
   0.0000329700    0.0001273500    0.0000709900
  -0.0000329700    0.0001273500    0.0000709900
   0.0000000000    0.0000000000    0.0000549800
   0.0001267700   -0.0000351200    0.0000709900
   0.0000000000    0.0000000000    0.0001160500
  -0.0001267700   -0.0000351200    0.0000709900
  -0.0000281900    0.0000162700    0.0000232600
   0.0000000000    0.0000227900    0.0000709700
   0.0000281900    0.0000162700    0.0000232600
   0.0000000000   -0.0000325500    0.0000232600
   0.0000069900    0.0000040300    0.0000524600
  -0.0000069900    0.0000040300    0.0000524600
  -0.0000197400   -0.0000114000    0.0000709700
   0.0000197400   -0.0000114000    0.0000709700
   0.0000000000   -0.0000080700    0.0000524600
   0.0000000000    0.0000000000    0.0666809600
   0.0020139000    0.0007010400    0.0018111100
  -0.0020139000    0.0007010400    0.0018111100
  -0.0016140700    0.0013935700    0.0018111100
   0.0016140700    0.0013935700    0.0018111100
   0.0000000000    0.0000000000    0.0007012100
   0.0003998300   -0.0020946100    0.0018111100
   0.0000000000    0.0000000000    0.0007032200
  -0.0003998300   -0.0020946100    0.0018111100
   0.0003458100   -0.0001996500   -0.0004075000
   0.0000000000   -0.0000134100   -0.0000578900
  -0.0003458100   -0.0001996500   -0.0004075000
   0.0000000000    0.0003993100   -0.0004075000
   0.0000128800    0.0000074400   -0.0000223000
  -0.0000128800    0.0000074400   -0.0000223000
   0.0000116100    0.0000067000   -0.0000578900
  -0.0000116100    0.0000067000   -0.0000578900
   0.0000000000   -0.0000148700   -0.0000223000
   0.0000000000   -0.0000181600   -0.0001824500
  -0.0000088200    0.0000050900   -0.0002417100
   0.0000088200    0.0000050900   -0.0002417100
  -0.0000157300    0.0000090800   -0.0001824500
   0.0000157300    0.0000090800   -0.0001824500
   0.0000000000   -0.0000389300   -0.0002321200
   0.0000337100    0.0000194600   -0.0002321200
   0.0000000000   -0.0000101800   -0.0002417100
  -0.0000337100    0.0000194600   -0.0002321200
   0.0000000000    0.0000000000    0.0012199400
  -0.0010297200    0.0006055700   -0.0005898600
   0.0010297200    0.0006055700   -0.0005898600
  -0.0000095800   -0.0011945500   -0.0005898600
   0.0000095800   -0.0011945500   -0.0005898600
   0.0000000000    0.0000000000    0.0008910800
  -0.0010393000    0.0005889800   -0.0005898600
   0.0000000000    0.0000000000    0.0008679600
   0.0010393000    0.0005889800   -0.0005898600
  -0.0000277000    0.0000159900   -0.0001721600
   0.0000000000   -0.0000224800   -0.0002322700
   0.0000277000    0.0000159900   -0.0001721600
   0.0000000000   -0.0000319800   -0.0001721600
   0.0000091100    0.0000052600   -0.0002347400
  -0.0000091100    0.0000052600   -0.0002347400
   0.0000194700    0.0000112400   -0.0002322700
  -0.0000194700    0.0000112400   -0.0002322700
   0.0000000000   -0.0000105200   -0.0002347400
   0.0000000000   -0.0000085500   -0.0000517200
   0.0000060300   -0.0000034800   -0.0000472500
  -0.0000060300   -0.0000034800   -0.0000472500
  -0.0000074100    0.0000042800   -0.0000517200
   0.0000074100    0.0000042800   -0.0000517200
   0.0000000000   -0.0000062300   -0.0000489600
   0.0000054000    0.0000031200   -0.0000489600
   0.0000000000    0.0000069600   -0.0000472500
  -0.0000054000    0.0000031200   -0.0000489600

64   
  0.0100000000000000   0.0000000000000000   0.0000000000000000
   0.0000452000   -0.0000314400    0.0005336000
   0.0002910100    0.0001590300    0.0001969700
  -0.0003145400    0.0001333200    0.0003058100
  -0.0003701700    0.0001769500    0.0002428000
   0.0003345400    0.0001406900    0.0003121100
  -0.0001302000   -0.0000441100    0.0003334000
  -0.0000562000   -0.0002856700    0.0003100900
   0.0000215600    0.0000476300    0.0003017000
   0.0000155600   -0.0003389000    0.0002944800
   0.0263204600   -0.0117612900    0.0211046600
   0.0272042400    0.0125951700   -0.0219084000
  -0.0022579000   -0.0000154600   -0.0000594000
   0.0000218800    0.0013118200    0.0006687500
   0.0004059200    0.0001018000   -0.0000352100
  -0.0001608500   -0.0012175600   -0.0007779700
   0.0056727000   -0.0000292000    0.0000376100
  -0.0005554900    0.0004475300    0.0001570000
  -0.0007195900   -0.0007550500   -0.0001777300
  -0.0001413500   -0.0000842200    0.0001290800
   0.0000162900   -0.0000033300    0.0001547100
   0.0001520300   -0.0000676800    0.0001301900
  -0.0000039500   -0.0001145100    0.0001439200
   0.0000109600   -0.0000175600    0.0001731200
   0.0000160000   -0.0000134900    0.0001548200
  -0.0000757400    0.0000413800    0.0001448500
   0.0000769600    0.0000529200    0.0001641300
   0.0000241000    0.0001645700    0.0001496600
  -0.0000054800    0.0000024500   -0.0001489700
   0.0001922800    0.0001252500   -0.0000529600
  -0.0001668700    0.0001358300   -0.0000672300
  -0.0001622600    0.0000701800   -0.0000348600
   0.0002010500    0.0000988100   -0.0000637800
   0.0000591100    0.0000229000   -0.0000794900
  -0.0000082700   -0.0002448600   -0.0000664900
   0.0000063800   -0.0000185000   -0.0000662400
   0.0000275600   -0.0002323700   -0.0000361000
   0.0024477500   -0.0015299900   -0.0034851000
   0.0024542200    0.0017618700    0.0034152400
  -0.0009103600    0.0000008700   -0.0000155400
  -0.0003467300    0.0003152500    0.0002306300
   0.0008482800    0.0001108600    0.0000204300
  -0.0005483100   -0.0002217900   -0.0002319500
  -0.0003995400   -0.0001104000   -0.0000426000
   0.0001415100    0.0002859100    0.0001877300
  -0.0000579000   -0.0006434300   -0.0002026100
  -0.0000449600   -0.0000306100   -0.0000488800
   0.0000097500    0.0000859700    0.0000436500
   0.0000525800   -0.0000892400   -0.0001025200
   0.0000421800   -0.0001171400   -0.0000456900
   0.0000682300    0.0000210500    0.0000251700
  -0.0000864200   -0.0000200500   -0.0000081800
  -0.0001244300    0.0000507200    0.0000073800
   0.0002178900    0.0000314300   -0.0000112000
  -0.0000601000    0.0000267600   -0.0000666900
   0.0003057500   -0.0002332500   -0.0004612200
   0.0003156900    0.0002539800    0.0002211000
   0.0000612700    0.0000074900   -0.0001241600
   0.0000121300   -0.0000253400   -0.0001323700
  -0.0000274400    0.0000071900   -0.0001203300
   0.0000111900    0.0000317900   -0.0001117800
  -0.0001114400    0.0000032100   -0.0001236700
   0.0000094400   -0.0000181300   -0.0001067500
   0.0000042100    0.0000212800   -0.0001362000
  -0.0822636200   -0.0007349300    0.0007450100
   0.0081761900    0.0011388200   -0.0019841500
   0.0080478000   -0.0011172500    0.0020025500
   0.0012109100   -0.0028393500    0.0004214800
   0.0012215500    0.0028648600   -0.0003759500
   0.0001894200    0.0000065400    0.0000174600
   0.0012179500   -0.0051200000   -0.0015760600
   0.0001878900    0.0000042700    0.0000213000
   0.0012151000    0.0050981400    0.0016130900
  -0.0000131300    0.0000121700   -0.0001448100
  -0.0000039700   -0.0000007800   -0.0001200300
  -0.0000042900    0.0000077500   -0.0001256900
  -0.0000064700    0.0000087000   -0.0001354500
  -0.0000179600    0.0000102000   -0.0001281300
  -0.0000012000    0.0000041700   -0.0001145300
   0.0000024300   -0.0000025900   -0.0001268100
  -0.0000145000   -0.0000036000   -0.0001266200
  -0.0000147000    0.0000053200   -0.0001180200
  -0.0000113900    0.0000163500    0.0000376800
  -0.0000056600    0.0000069200   -0.0000079300
   0.0000263700    0.0000082900    0.0000160100
  -0.0000169100   -0.0000229900   -0.0000010300
   0.0000108000    0.0000058700    0.0000072900
  -0.0000184900    0.0000274000    0.0000223200
  -0.0000003800   -0.0000005000    0.0000117000
  -0.0000098400    0.0000141200    0.0000002700
  -0.0000176000   -0.0000139100    0.0000170700
  -0.0008223800    0.0000015500   -0.0001145600
   0.0008690000   -0.0005528900   -0.0011629700
   0.0008683300    0.0005647300    0.0009242000
  -0.0000892000   -0.0011069500    0.0009198500
  -0.0000967900    0.0011183500   -0.0011753500
   0.0000661100    0.0000023200   -0.0001270900
  -0.0000966000    0.0000116300   -0.0001196700
   0.0000739200    0.0000014700   -0.0001327900
  -0.0000875900    0.0000058200   -0.0001261900
  -0.0000132300    0.0000016800   -0.0000055200
  -0.0000128800    0.0000102200    0.0000387400
   0.0000356900    0.0000085300    0.0000138600
  -0.0000137800    0.0000154900    0.0000151800
  -0.0000068400    0.0000009500    0.0000143800
  -0.0000066900   -0.0000104800    0.0000091400
   0.0000109700    0.0000033200    0.0000125300
  -0.0000206400   -0.0000255700    0.0000622700
  -0.0000150500    0.0000365000   -0.0000365300

64   
  0.0000000000000000   0.0000000000000000   0.0100000000000000
  -0.0000803100   -0.0000463700    0.0002218700
   0.0000803100   -0.0000463700    0.0002218700
   0.0000000000    0.0001436400    0.0002086700
  -0.0001249900    0.0000721600    0.0003379400
   0.0000000000    0.0000927300    0.0002218700
   0.0001249900    0.0000721600    0.0003379400
   0.0000000000   -0.0001443200    0.0003379400
  -0.0001244000   -0.0000718200    0.0002086700
   0.0001244000   -0.0000718200    0.0002086700
   0.0219873200   -0.0126943900    0.0223964400
  -0.0219873200   -0.0126943900    0.0223964400
   0.0000000000   -0.0014572300    0.0018072700
   0.0012620000    0.0007286200    0.0018072700
   0.0000000000   -0.0005137700    0.0011093400
  -0.0012620000    0.0007286200    0.0018072700
   0.0000000000    0.0253887700    0.0223964400
  -0.0004449400    0.0002568900    0.0011093400
   0.0004449400    0.0002568900    0.0011093400
   0.0000000000    0.0000000000    0.0000387000
  -0.0000700200   -0.0000030700    0.0000632700
   0.0000700200   -0.0000030700    0.0000632700
   0.0000376700   -0.0000591000    0.0000632700
  -0.0000376700   -0.0000591000    0.0000632700
   0.0000000000    0.0000000000    0.0000875100
  -0.0000323500    0.0000621800    0.0000632700
   0.0000000000    0.0000000000    0.0000066900
   0.0000323500    0.0000621800    0.0000632700
  -0.0000545100   -0.0000314700   -0.0001203200
   0.0000545100   -0.0000314700   -0.0001203200
   0.0000000000    0.0001225600   -0.0000990400
  -0.0002033500    0.0001174000   -0.0001770400
   0.0000000000    0.0000629400   -0.0001203200
   0.0002033500    0.0001174000   -0.0001770400
   0.0000000000   -0.0002348000   -0.0001770400
  -0.0001061400   -0.0000612800   -0.0000990400
   0.0001061400   -0.0000612800   -0.0000990400
   0.0026939400   -0.0015553400   -0.0015426000
  -0.0026939400   -0.0015553400   -0.0015426000
   0.0000000000    0.0005716900    0.0009463500
  -0.0004951000   -0.0002858400    0.0009463500
   0.0000000000    0.0005869200    0.0009680900
   0.0004951000   -0.0002858400    0.0009463500
   0.0000000000    0.0031106900   -0.0015426000
   0.0005082800   -0.0002934600    0.0009680900
  -0.0005082800   -0.0002934600    0.0009680900
   0.0000000000    0.0000000000   -0.0000974300
  -0.0000885800    0.0000584300   -0.0001128200
   0.0000885800    0.0000584300   -0.0001128200
  -0.0000063100   -0.0001059300   -0.0001128200
   0.0000063100   -0.0001059300   -0.0001128200
   0.0000000000    0.0000000000   -0.0000629000
  -0.0000948900    0.0000475000   -0.0001128200
   0.0000000000    0.0000000000   -0.0000065400
   0.0000948900    0.0000475000   -0.0001128200
  -0.0005031300    0.0002904800    0.0002949900
   0.0005031300    0.0002904800    0.0002949900
   0.0000000000    0.0000262200   -0.0000442300
  -0.0000227100   -0.0000131100   -0.0000442300
   0.0000000000    0.0000017100   -0.0000830900
   0.0000227100   -0.0000131100   -0.0000442300
   0.0000000000   -0.0005809700    0.0002949900
   0.0000014800   -0.0000008600   -0.0000830900
  -0.0000014800   -0.0000008600   -0.0000830900
   0.0000000000    0.0000000000   -0.0665237900
   0.0019871200    0.0006975100   -0.0018657900
  -0.0019871200    0.0006975100   -0.0018657900
  -0.0015976200    0.0013721400   -0.0018657900
   0.0015976200    0.0013721400   -0.0018657900
   0.0000000000    0.0000000000   -0.0008140900
   0.0003895000   -0.0020696500   -0.0018657900
   0.0000000000    0.0000000000   -0.0008050200
  -0.0003895000   -0.0020696500   -0.0018657900
   0.0000034500    0.0000019900   -0.0000654300
  -0.0000034500    0.0000019900   -0.0000654300
   0.0000000000   -0.0000254000   -0.0000647100
   0.0000083500   -0.0000048200   -0.0000692100
   0.0000000000   -0.0000039800   -0.0000654300
  -0.0000083500   -0.0000048200   -0.0000692100
   0.0000000000    0.0000096400   -0.0000692100
   0.0000220000    0.0000127000   -0.0000647100
  -0.0000220000    0.0000127000   -0.0000647100
   0.0000206000   -0.0000118900    0.0000838400
  -0.0000206000   -0.0000118900    0.0000838400
   0.0000000000   -0.0000577300    0.0001656200
   0.0000500000    0.0000288700    0.0001656200
   0.0000000000    0.0000060500    0.0000841500
  -0.0000500000    0.0000288700    0.0001656200
   0.0000000000    0.0000237900    0.0000838400
   0.0000052400   -0.0000030300    0.0000841500
  -0.0000052400   -0.0000030300    0.0000841500
   0.0000000000    0.0000000000   -0.0013212900
  -0.0010105500    0.0006277300    0.0004814700
   0.0010105500    0.0006277300    0.0004814700
  -0.0000383600   -0.0011890200    0.0004814700
   0.0000383600   -0.0011890200    0.0004814700
   0.0000000000    0.0000000000   -0.0009849900
  -0.0010489000    0.0005612900    0.0004814700
   0.0000000000    0.0000000000   -0.0009981500
   0.0010489000    0.0005612900    0.0004814700
  -0.0000235800   -0.0000136200    0.0000840100
   0.0000235800   -0.0000136200    0.0000840100
   0.0000000000    0.0000124900    0.0001647600
  -0.0000024000    0.0000013800    0.0000872000
   0.0000000000    0.0000272300    0.0000840100
   0.0000024000    0.0000013800    0.0000872000
   0.0000000000   -0.0000027700    0.0000872000
  -0.0000108200   -0.0000062400    0.0001647600
   0.0000108200   -0.0000062400    0.0001647600

64   
  0.0000000000000000   0.0000000000000000  -0.0100000000000000
  -0.0000877300   -0.0000506500    0.0004666900
   0.0000877300   -0.0000506500    0.0004666900
   0.0000000000    0.0000396900    0.0003926000
  -0.0001980400    0.0001143400    0.0002523600
   0.0000000000    0.0001013000    0.0004666900
   0.0001980400    0.0001143400    0.0002523600
   0.0000000000   -0.0002286800    0.0002523600
  -0.0000343700   -0.0000198500    0.0003926000
   0.0000343700   -0.0000198500    0.0003926000
  -0.0225215500    0.0130028200   -0.0224372900
   0.0225215500    0.0130028200   -0.0224372900
   0.0000000000    0.0013170100   -0.0019367200
  -0.0011405600   -0.0006585100   -0.0019367200
   0.0000000000    0.0007890800   -0.0011531600
   0.0011405600   -0.0006585100   -0.0019367200
   0.0000000000   -0.0260056500   -0.0224372900
   0.0006833600   -0.0003945400   -0.0011531600
  -0.0006833600   -0.0003945400   -0.0011531600
   0.0000000000    0.0000000000    0.0002088000
  -0.0000877300    0.0000011300    0.0002273900
   0.0000877300    0.0000011300    0.0002273900
   0.0000428800   -0.0000765400    0.0002273900
  -0.0000428800   -0.0000765400    0.0002273900
   0.0000000000    0.0000000000    0.0002197400
  -0.0000448400    0.0000754100    0.0002273900
   0.0000000000    0.0000000000    0.0003097200
   0.0000448400    0.0000754100    0.0002273900
  -0.0000635200   -0.0000366700   -0.0000529200
   0.0000635200   -0.0000366700   -0.0000529200
   0.0000000000    0.0000642800   -0.0000032900
  -0.0000760800    0.0000439200    0.0000670000
   0.0000000000    0.0000733500   -0.0000529200
   0.0000760800    0.0000439200    0.0000670000
   0.0000000000   -0.0000878400    0.0000670000
  -0.0000556700   -0.0000321400   -0.0000032900
   0.0000556700   -0.0000321400   -0.0000032900
  -0.0028562000    0.0016490300    0.0014513600
   0.0028562000    0.0016490300    0.0014513600
   0.0000000000   -0.0007205000   -0.0009644400
   0.0006239700    0.0003602500   -0.0009644400
   0.0000000000   -0.0002805400   -0.0009703400
  -0.0006239700    0.0003602500   -0.0009644400
   0.0000000000   -0.0032980600    0.0014513600
  -0.0002429500    0.0001402700   -0.0009703400
   0.0002429500    0.0001402700   -0.0009703400
   0.0000000000    0.0000000000    0.0000127200
   0.0000182400   -0.0000296800    0.0000779000
  -0.0000182400   -0.0000296800    0.0000779000
   0.0000165900    0.0000306400    0.0000779000
  -0.0000165900    0.0000306400    0.0000779000
   0.0000000000    0.0000000000    0.0000493400
   0.0000348300   -0.0000009500    0.0000779000
   0.0000000000    0.0000000000   -0.0000007000
  -0.0000348300   -0.0000009500    0.0000779000
   0.0004868200   -0.0002810700   -0.0005613000
  -0.0004868200   -0.0002810700   -0.0005613000
   0.0000000000   -0.0000245800   -0.0002262600
   0.0000212900    0.0000122900   -0.0002262600
   0.0000000000    0.0000033300   -0.0001864500
  -0.0000212900    0.0000122900   -0.0002262600
   0.0000000000    0.0005621300   -0.0005613000
   0.0000028900   -0.0000016700   -0.0001864500
  -0.0000028900   -0.0000016700   -0.0001864500
   0.0000000000    0.0000000000    0.0667201300
  -0.0020092900   -0.0006983800    0.0019215900
   0.0020092900   -0.0006983800    0.0019215900
   0.0016094600   -0.0013909100    0.0019215900
  -0.0016094600   -0.0013909100    0.0019215900
   0.0000000000    0.0000000000    0.0008763200
  -0.0003998300    0.0020892900    0.0019215900
   0.0000000000    0.0000000000    0.0008741800
   0.0003998300    0.0020892900    0.0019215900
  -0.0000083400   -0.0000048200   -0.0002216700
   0.0000083400   -0.0000048200   -0.0002216700
   0.0000000000    0.0000287700   -0.0002093800
  -0.0000146300    0.0000084500   -0.0002090100
   0.0000000000    0.0000096300   -0.0002216700
   0.0000146300    0.0000084500   -0.0002090100
   0.0000000000   -0.0000169000   -0.0002090100
  -0.0000249200   -0.0000143900   -0.0002093800
   0.0000249200   -0.0000143900   -0.0002093800
  -0.0000326600    0.0000188600   -0.0000310700
   0.0000326600    0.0000188600   -0.0000310700
   0.0000000000    0.0000605900   -0.0001120900
  -0.0000524700   -0.0000303000   -0.0001120900
   0.0000000000    0.0000040200   -0.0000413900
   0.0000524700   -0.0000303000   -0.0001120900
   0.0000000000   -0.0000377100   -0.0000310700
   0.0000034800   -0.0000020100   -0.0000413900
  -0.0000034800   -0.0000020100   -0.0000413900
   0.0000000000    0.0000000000    0.0010923200
   0.0010197100   -0.0006335300   -0.0007579000
  -0.0010197100   -0.0006335300   -0.0007579000
   0.0000388000    0.0011998600   -0.0007579000
  -0.0000388000    0.0011998600   -0.0007579000
   0.0000000000    0.0000000000    0.0007132400
   0.0010585100   -0.0005663300   -0.0007579000
   0.0000000000    0.0000000000    0.0007171000
  -0.0010585100   -0.0005663300   -0.0007579000
   0.0000262500    0.0000151500   -0.0000295800
  -0.0000262500    0.0000151500   -0.0000295800
   0.0000000000   -0.0000046700   -0.0001140900
   0.0000059300   -0.0000034300   -0.0000385000
   0.0000000000   -0.0000303100   -0.0000295800
  -0.0000059300   -0.0000034300   -0.0000385000
   0.0000000000    0.0000068500   -0.0000385000
   0.0000040400    0.0000023300   -0.0001140900
  -0.0000040400    0.0000023300   -0.0001140900
